REFILL_COUNT,Medicine,AGEGRP
5,1,2
5,1,2
5,1,2
1,1,5
1,1,5
1,1,5
1,1,5
2,1,3
1,2,3
1,2,4
5,2,2
5,2,2
5,2,3
5,2,3
9,1,5
9,1,5
9,1,5
9,1,5
9,1,5
9,1,5
3,2,4
1,2,5
1,2,3
1,2,3
1,1,5
1,1,5
2,2,4
1,1,2
1,1,2
1,1,2
1,1,2
1,1,2
1,1,2
1,1,2
1,1,2
1,1,2
1,1,2
1,1,2
3,1,5
2,3,4
2,3,4
37,2,4
37,2,4
37,2,4
2,2,4
1,2,5
1,2,5
1,2,5
1,2,5
3,1,4
3,1,4
10,1,3
10,1,3
10,1,3
10,1,3
10,1,3
10,1,3
10,1,3
1,1,4
1,1,3
3,2,5
20,1,5
13,1,3
13,1,3
1,2,5
1,2,4
3,1,2
1,2,4
1,2,4
1,1,2
1,1,2
4,1,3
3,2,4
3,2,4
3,2,4
2,2,5
2,2,5
2,2,5
2,2,5
34,1,4
1,1,4
35,1,3
1,1,4
1,1,4
1,1,4
1,1,4
2,2,5
2,3,2
7,2,4
2,1,5
15,2,3
15,2,4
2,2,3
2,2,3
2,2,3
2,2,3
2,2,3
2,2,3
2,2,3
2,2,3
2,2,4
2,2,4
2,2,4
2,2,3
2,2,3
2,2,3
13,2,5
1,1,2
1,1,2
9,2,4
9,2,5
9,2,5
9,2,5
9,2,5
9,2,4
9,2,4
9,2,5
9,2,5
7,2,4
4,2,2
4,2,2
4,2,2
1,1,4
1,1,4
1,1,4
1,1,4
1,1,4
1,2,4
1,2,4
1,2,4
1,2,4
1,2,4
1,2,4
1,2,4
1,2,4
1,2,4
1,2,4
1,2,4
1,2,4
1,2,4
2,1,5
1,1,3
4,2,3
4,2,3
2,1,5
2,1,5
2,1,5
2,1,5
2,1,5
3,2,4
3,2,4
1,2,3
1,2,3
4,1,5
4,1,5
4,1,5
1,2,5
8,1,5
8,1,5
8,1,5
4,2,4
2,3,2
2,3,2
2,2,4
1,2,4
1,1,2
1,1,2
1,1,2
1,1,2
1,1,2
1,1,2
1,1,2
1,1,2
1,1,2
1,1,2
1,1,2
1,1,2
1,1,2
1,1,2
1,1,2
1,1,2
1,1,2
1,1,2
1,1,2
1,1,2
1,1,2
1,1,2
1,1,2
1,1,2
1,1,2
1,1,2
1,1,2
1,1,2
1,1,2
1,1,2
1,1,2
2,2,3
1,1,5
1,2,5
1,2,5
1,1,4
1,2,5
1,2,5
1,2,5
1,2,5
1,2,5
6,2,4
6,2,4
6,2,4
6,2,4
6,2,4
6,2,4
6,2,4
1,2,2
1,2,2
1,2,5
1,2,5
2,2,4
2,2,4
2,2,4
30,2,3
30,2,3
1,1,4
1,1,4
1,2,2
1,2,2
1,2,2
1,2,2
1,2,2
1,2,2
6,1,5
6,1,5
6,1,5
6,1,5
6,1,5
6,1,5
6,1,5
6,1,5
6,1,5
3,2,3
3,2,4
1,2,2
3,1,4
3,1,4
3,1,4
6,2,5
6,2,5
1,2,3
2,1,4
1,2,3
1,2,3
1,1,4
1,1,4
2,1,2
1,2,4
1,2,4
1,2,4
1,2,4
1,2,4
1,2,4
1,2,4
2,1,3
2,1,3
2,1,3
2,1,3
2,1,3
2,1,3
2,1,3
1,1,2
2,2,4
1,2,4
1,2,4
12,2,4
12,2,4
9,1,5
12,2,5
1,2,4
1,1,4
1,1,4
1,1,4
2,3,4
2,3,4
2,3,2
2,3,2
2,3,2
6,1,5
6,1,5
6,1,5
6,1,5
6,1,5
6,1,5
41,1,5
41,1,5
31,1,3
1,2,2
22,1,5
1,2,4
2,1,4
41,1,4
41,1,4
41,1,5
41,1,5
11,2,3
15,1,5
15,1,5
15,1,5
15,1,5
15,1,5
15,1,5
15,2,3
4,2,2
4,2,2
4,2,2
16,1,4
16,1,3
2,3,2
1,2,5
1,2,4
1,2,5
1,2,4
7,2,3
1,1,5
1,1,5
1,1,5
1,1,5
1,1,5
1,1,5
1,1,5
1,2,4
1,2,4
1,2,4
1,2,4
6,2,4
25,1,5
1,2,5
3,1,4
3,1,4
3,1,4
3,1,4
43,2,3
43,2,3
43,2,4
43,2,4
1,2,5
1,2,5
1,2,5
1,2,5
2,2,4
2,2,4
1,2,4
1,2,4
1,2,4
1,2,4
2,2,4
1,2,4
2,2,4
2,2,4
2,2,5
3,1,5
1,2,3
1,2,4
1,2,4
1,2,3
2,3,4
2,3,4
2,3,4
2,3,4
2,3,4
2,3,4
9,1,2
9,1,2
9,1,2
7,1,5
5,2,4
3,1,3
3,1,3
1,2,4
1,2,4
1,2,4
1,2,4
1,2,4
4,2,4
8,1,4
8,1,4
8,1,4
8,1,4
8,1,4
8,1,4
8,1,4
8,1,4
8,1,4
8,1,4
8,1,4
5,1,5
23,1,2
23,1,2
23,1,2
23,1,2
23,1,2
23,1,2
2,2,3
4,2,3
4,2,3
4,2,3
4,2,3
4,2,3
4,2,3
4,2,3
4,2,3
4,2,3
4,2,3
4,2,3
4,2,3
4,2,3
4,2,3
4,2,3
7,2,2
7,2,2
1,1,5
1,1,5
1,1,3
1,1,3
7,1,5
7,1,5
7,1,5
1,2,5
1,2,4
1,2,4
1,2,4
1,2,4
1,2,5
3,2,5
3,2,5
18,2,3
18,2,3
18,2,2
18,2,2
6,2,5
1,1,5
1,1,5
2,2,3
2,2,3
2,2,3
1,2,4
1,2,4
1,2,4
1,2,4
1,2,4
2,3,4
1,2,4
3,1,5
1,2,3
1,2,3
2,1,3
18,2,4
7,1,2
7,1,2
7,1,2
4,1,5
25,2,5
4,1,5
4,1,5
1,2,4
1,1,4
2,1,3
2,1,3
6,2,4
6,2,4
6,2,4
6,2,4
1,1,4
2,2,3
2,2,3
2,2,3
2,2,3
2,2,3
2,2,3
2,2,3
2,2,3
2,2,3
2,2,3
2,2,3
2,2,3
1,2,5
2,1,2
2,1,2
2,1,4
2,1,5
2,1,5
2,1,5
2,1,5
1,2,2
1,2,3
1,2,3
1,2,3
1,2,3
2,3,3
2,1,5
2,1,5
2,1,5
15,1,3
10,1,5
10,1,5
3,2,5
3,2,5
9,2,4
9,2,4
13,1,4
22,2,5
22,2,5
2,3,2
2,3,2
2,3,2
2,1,3
2,1,3
2,1,3
1,1,2
7,1,5
1,1,3
10,1,4
2,2,2
2,2,2
2,2,2
2,2,2
1,2,4
1,2,4
9,1,4
1,2,4
1,1,2
1,2,4
1,2,4
1,2,4
7,1,3
16,1,3
1,2,5
1,2,5
3,1,5
3,1,5
2,1,3
2,1,3
1,2,4
2,1,5
2,1,5
2,1,4
2,1,4
4,2,3
4,2,3
2,3,3
1,2,3
1,2,3
2,2,4
2,2,4
2,2,4
1,2,4
1,2,4
1,2,4
1,2,3
1,2,3
1,2,3
1,2,5
3,2,4
3,2,4
7,1,4
21,2,3
5,2,3
22,1,5
22,1,4
22,1,5
22,1,5
22,1,4
22,1,4
22,1,4
22,1,5
1,2,5
1,2,5
1,2,5
1,2,5
1,2,5
25,1,4
25,1,4
2,2,3
1,1,5
1,1,5
4,1,2
22,1,4
1,2,5
1,2,5
1,2,5
1,2,5
4,2,4
4,2,4
6,2,4
56,1,3
2,1,4
4,1,4
4,1,4
4,1,4
4,1,4
2,1,3
2,1,3
1,2,4
1,2,4
2,3,4
2,3,4
2,3,4
1,1,4
1,1,4
2,3,3
2,3,3
5,1,5
5,1,5
1,2,4
1,2,4
3,2,2
3,2,2
1,2,4
1,2,4
2,1,4
20,2,4
20,2,5
20,2,5
20,2,4
22,1,3
22,1,2
3,1,4
3,1,4
3,1,4
3,1,4
3,1,4
3,1,4
6,1,3
6,1,3
1,1,3
1,2,4
1,2,4
14,1,4
1,2,4
1,2,4
13,1,3
2,1,4
2,1,5
1,2,1
11,1,2
5,2,5
37,2,3
37,2,3
37,2,3
1,1,3
6,2,5
1,2,4
1,2,3
1,2,3
2,2,3
2,2,3
1,2,3
6,1,4
6,1,4
3,2,2
2,1,2
3,2,5
9,1,3
13,1,4
1,1,5
1,2,3
1,2,3
1,2,3
1,2,3
15,1,4
11,1,5
11,1,5
24,1,3
2,3,4
2,3,4
2,3,4
5,1,4
1,1,4
1,2,3
1,2,3
1,2,3
1,2,3
1,2,3
1,2,2
1,2,2
1,2,2
7,1,5
7,1,5
5,1,3
9,1,2
2,2,4
2,2,3
2,2,4
2,2,3
5,1,5
5,1,5
5,1,5
5,1,5
12,2,3
2,1,4
1,2,5
1,2,5
1,2,5
12,2,3
1,1,4
1,1,4
1,1,4
15,1,3
1,2,2
1,2,2
1,2,2
1,2,2
11,2,4
11,2,4
23,1,4
5,2,4
5,2,4
5,2,4
5,2,4
5,2,4
5,2,4
5,2,4
5,2,4
5,2,4
5,2,4
1,2,5
5,2,3
5,2,3
16,1,5
1,1,5
1,2,5
1,2,3
1,2,5
2,3,2
2,3,2
1,1,2
1,2,2
20,1,5
27,2,5
1,2,5
3,2,4
1,2,2
1,2,2
6,2,4
6,2,4
3,1,3
2,3,4
10,2,2
14,2,3
1,2,5
2,1,4
4,2,3
4,2,3
1,2,4
3,1,4
42,1,3
1,2,5
5,2,3
5,2,3
5,2,3
5,2,3
5,2,3
5,2,3
5,2,3
5,2,3
5,2,3
3,2,4
21,1,4
27,1,3
3,2,2
5,2,4
22,1,4
13,2,4
13,2,5
1,1,2
1,1,3
1,1,3
1,1,3
2,1,4
2,1,4
2,1,4
8,2,2
3,2,4
5,1,4
1,2,4
1,2,4
1,2,4
3,2,5
3,2,5
3,2,5
3,2,5
3,2,5
3,2,5
1,1,3
1,1,3
3,1,4
8,1,3
14,1,3
14,1,3
43,1,3
43,1,3
3,2,3
1,2,3
1,2,5
1,2,5
1,2,4
12,1,4
9,1,3
9,1,3
9,1,3
9,1,3
2,1,5
2,1,5
2,1,5
7,2,3
12,2,4
3,2,4
3,2,4
1,2,4
1,2,3
1,2,3
1,2,3
1,2,5
1,2,5
21,1,3
1,2,3
8,1,4
1,2,3
1,2,3
2,1,4
1,2,3
10,1,4
1,1,3
3,2,2
3,2,2
10,1,3
10,1,4
12,1,4
22,1,5
22,1,5
1,1,3
14,1,4
14,1,4
14,1,3
14,1,3
2,1,3
5,1,4
5,1,4
5,1,4
1,2,4
2,2,5
2,2,5
2,2,5
2,3,3
2,3,5
10,1,5
5,2,4
9,1,4
1,1,5
1,1,5
1,1,5
1,1,5
1,2,4
1,2,4
24,1,4
1,1,5
3,1,5
3,1,5
3,1,5
3,1,5
3,1,5
2,2,5
2,2,5
2,2,5
2,2,5
2,2,5
2,2,5
2,2,5
2,2,3
16,1,4
16,1,4
16,1,4
1,2,4
1,2,4
3,1,3
1,2,4
4,2,4
4,2,4
4,2,4
4,2,4
4,2,4
4,2,4
1,1,4
7,1,4
1,1,4
1,2,4
1,2,4
1,2,4
1,2,4
2,2,4
2,2,4
2,2,4
2,2,4
2,2,4
2,2,4
2,2,4
2,2,4
2,2,4
2,2,4
15,2,3
15,2,3
15,2,3
15,2,3
15,2,3
15,2,3
15,2,3
15,2,3
15,2,3
15,2,3
4,1,3
10,2,5
10,2,5
10,2,5
10,2,5
10,2,5
10,2,5
10,2,5
1,1,4
7,1,4
1,1,2
1,1,2
1,1,2
1,1,2
2,2,5
10,1,3
10,1,3
1,1,2
1,1,3
1,1,3
1,1,3
1,1,3
1,1,3
1,1,3
1,2,2
1,2,2
1,2,2
1,2,2
1,2,2
1,2,4
1,2,4
3,1,3
3,1,3
5,1,4
5,1,4
5,1,2
5,1,2
5,1,2
5,1,2
5,1,2
1,1,3
1,2,5
1,1,4
1,1,4
1,1,4
1,1,4
2,2,4
8,2,5
1,1,5
1,1,5
1,1,5
1,1,5
2,2,2
2,2,2
2,2,2
2,2,2
2,2,2
2,1,5
1,1,2
1,1,2
1,1,2
2,2,5
2,2,5
2,2,5
11,2,2
7,2,3
32,2,5
32,2,5
1,2,4
1,2,4
4,1,3
4,1,3
4,1,4
4,1,4
6,1,3
6,1,3
1,1,5
1,1,4
1,1,4
1,1,4
1,1,4
3,2,3
3,2,3
3,2,3
3,2,3
2,1,4
2,2,4
2,2,4
21,1,5
21,1,4
2,2,3
1,2,5
4,2,4
4,2,4
1,2,5
33,1,4
33,1,5
33,1,4
33,1,5
3,2,5
2,1,4
2,1,4
3,1,4
3,1,4
3,1,4
3,1,4
3,1,4
3,1,4
3,1,4
3,1,4
3,1,4
10,1,4
10,1,4
14,1,2
10,1,4
10,1,4
10,1,4
10,1,4
10,1,4
3,1,3
3,1,3
3,1,3
3,1,3
3,1,3
22,1,2
2,1,5
2,1,5
2,1,5
2,1,5
2,1,5
2,1,5
2,2,4
1,2,4
1,2,4
2,2,5
7,1,4
7,1,4
7,1,4
7,1,4
7,1,4
7,1,4
7,1,4
1,1,5
12,2,2
12,2,2
12,2,2
12,2,2
5,1,4
5,1,4
5,1,4
5,1,4
5,1,4
38,1,5
38,1,5
38,1,5
38,1,5
38,1,5
38,1,5
38,1,5
38,1,5
38,1,5
38,1,5
38,1,5
38,1,5
38,1,5
38,1,5
38,1,5
38,1,5
38,1,5
1,2,5
3,1,4
3,1,4
3,1,4
3,1,4
3,1,4
3,1,4
3,1,4
3,1,4
3,1,4
3,1,4
1,2,4
2,1,2
2,1,2
3,2,3
3,2,3
3,2,3
2,3,5
2,3,5
2,3,5
2,2,5
2,2,5
2,2,5
2,1,3
1,2,5
6,1,3
6,1,3
2,1,2
2,2,5
2,2,5
2,2,5
9,1,2
9,1,2
2,1,5
2,1,5
2,1,5
2,1,5
2,1,5
2,1,5
2,1,5
2,1,5
2,1,5
1,2,5
14,1,5
14,1,5
14,1,5
1,2,2
1,2,2
1,2,2
1,2,2
1,2,2
1,2,2
1,2,2
1,2,2
1,1,5
1,2,4
1,2,4
4,2,5
4,2,5
4,2,5
4,2,5
4,2,5
4,2,5
4,2,5
4,2,5
4,2,5
4,2,5
1,2,4
1,1,4
1,1,4
4,2,3
4,2,3
4,2,3
4,2,3
4,2,3
4,2,3
39,1,3
39,1,4
39,1,3
39,1,4
39,1,4
39,1,3
1,1,4
1,1,4
15,1,4
15,1,4
15,1,4
3,1,3
3,1,3
2,2,5
2,2,5
1,1,5
1,1,5
1,2,5
1,2,5
1,2,4
27,1,2
27,1,2
27,1,2
27,1,2
27,1,2
27,1,2
27,1,2
27,1,2
1,2,2
1,2,2
2,1,3
2,1,3
9,1,4
1,1,2
1,1,2
1,1,2
1,1,2
2,1,2
11,1,4
11,1,4
2,1,4
2,1,4
2,1,4
2,1,4
3,1,5
1,2,2
1,2,2
1,2,2
1,2,2
1,2,2
1,2,2
1,2,2
1,2,2
1,2,2
1,2,2
1,2,2
2,1,4
2,1,4
2,1,4
2,1,4
2,1,4
9,1,2
4,1,4
4,1,4
4,1,4
4,1,4
7,2,4
7,2,4
22,1,3
22,1,3
22,1,3
1,2,3
2,1,2
2,1,2
1,2,4
1,2,4
32,1,4
32,1,4
32,1,4
32,1,3
32,1,3
32,1,3
32,1,4
32,1,3
32,1,3
32,1,4
2,2,3
41,1,4
41,1,4
41,1,4
41,1,4
5,2,3
5,2,4
16,1,4
2,1,5
2,3,3
2,3,3
2,3,3
2,3,3
2,3,3
2,3,3
2,3,3
7,2,4
1,1,5
1,1,5
1,1,5
1,1,5
1,1,4
1,1,4
9,2,4
9,2,4
9,2,4
9,2,4
9,2,4
3,1,5
3,1,5
80,1,4
80,1,5
80,1,5
80,1,4
80,1,5
80,1,4
1,1,2
14,1,4
8,1,3
8,1,4
8,1,3
8,1,4
1,1,5
1,1,5
1,1,5
1,1,5
1,1,5
1,1,5
1,1,5
1,1,5
1,1,5
1,1,5
1,1,5
1,1,5
61,1,4
61,1,3
2,2,4
4,1,2
1,2,3
3,1,4
1,1,5
2,2,5
50,1,5
50,1,4
50,1,4
50,1,5
9,2,3
1,1,2
2,1,5
44,1,4
44,1,5
3,1,2
3,1,2
3,1,2
3,1,2
2,2,5
1,2,4
1,2,4
1,2,4
1,2,4
1,2,4
1,2,3
1,2,3
1,2,5
1,2,5
1,2,5
1,2,5
15,1,2
1,2,2
1,2,2
1,2,2
1,2,2
1,2,2
1,2,2
5,1,2
5,1,2
1,1,4
4,2,5
4,2,5
4,2,5
4,2,5
4,2,5
4,1,4
4,1,4
4,1,4
4,1,4
17,1,4
17,1,4
17,1,4
17,1,4
2,2,3
2,2,3
2,2,4
1,2,4
1,2,4
9,1,4
9,1,4
9,1,4
9,1,4
1,2,4
2,2,5
2,2,5
2,2,5
2,2,5
2,2,5
2,2,5
2,2,5
2,2,5
2,2,5
2,2,5
2,2,5
2,2,5
10,2,4
10,2,4
10,2,4
2,1,5
2,1,5
2,1,5
2,1,5
2,1,5
2,1,5
2,1,5
2,1,5
2,1,5
2,1,5
2,1,5
2,1,5
2,1,5
2,1,5
2,1,5
2,1,5
2,1,5
2,1,5
2,1,5
2,1,5
2,1,5
2,1,5
2,1,5
2,1,5
2,1,5
2,1,5
2,1,5
2,1,5
2,1,5
1,2,3
2,1,2
2,1,2
2,1,2
2,1,2
1,1,4
1,1,4
1,1,4
2,2,4
2,2,4
2,2,4
1,1,5
1,1,5
2,3,5
2,3,5
1,1,5
1,1,5
1,1,5
1,1,5
1,1,5
1,1,5
1,1,5
1,1,5
1,1,5
1,1,5
1,1,5
1,1,5
1,1,5
1,1,5
2,3,4
2,3,4
1,2,4
1,2,4
1,2,4
16,1,3
16,1,3
16,1,3
1,2,5
1,2,5
1,2,5
2,1,5
2,1,5
2,1,5
2,1,5
2,1,5
2,1,5
2,1,5
2,1,5
2,1,5
2,1,5
2,1,5
2,1,5
2,1,5
2,1,5
2,1,5
2,1,5
2,1,5
2,1,5
2,1,5
2,1,5
4,1,4
4,1,4
9,1,4
9,1,4
16,1,3
3,2,5
3,2,5
2,2,3
87,1,5
87,1,4
87,1,5
87,1,5
87,1,4
87,1,4
1,1,5
1,1,5
1,1,5
1,1,5
1,1,5
1,1,2
3,1,4
3,1,4
3,1,4
3,1,4
3,1,4
3,1,4
3,1,4
3,1,4
3,1,4
3,1,4
3,1,4
3,1,4
3,1,4
1,1,5
1,1,5
1,1,4
1,1,4
1,1,4
1,1,4
1,1,4
1,1,4
1,1,4
1,1,4
1,1,4
1,1,4
12,1,4
12,1,5
12,1,4
12,1,4
12,1,5
12,1,4
12,1,5
12,1,4
12,1,5
12,1,5
12,1,4
12,1,5
2,1,5
5,1,4
5,1,4
4,2,4
4,2,4
1,1,3
83,1,5
83,1,5
83,1,5
83,1,5
2,1,5
2,1,5
1,1,3
1,1,3
1,1,3
4,1,5
1,2,2
1,2,2
1,2,2
1,2,2
3,1,4
3,1,4
3,1,4
3,1,4
76,1,5
76,1,5
76,1,5
76,1,5
76,1,5
76,1,5
97,1,5
97,1,5
97,1,5
97,1,5
14,1,4
4,2,3
1,1,4
4,2,4
4,2,4
4,2,4
4,2,4
4,2,4
4,2,4
17,2,5
17,2,5
17,2,5
17,2,5
1,2,5
1,2,5
1,2,5
4,1,3
4,1,3
3,1,4
3,1,4
3,1,4
1,1,5
1,1,5
1,1,5
1,1,5
1,1,5
1,1,5
1,1,5
1,1,5
8,1,3
1,2,4
1,2,4
1,2,4
1,1,4
1,2,5
1,2,5
91,1,5
91,1,4
1,2,4
9,1,4
9,1,4
2,3,4
2,3,4
2,3,4
2,3,4
2,3,4
26,1,4
4,2,5
18,1,2
18,1,2
18,1,2
18,1,2
1,2,4
1,2,4
6,2,3
8,1,4
8,1,4
8,1,4
8,1,4
8,1,4
8,1,4
8,1,4
8,1,4
8,1,4
8,1,4
8,1,4
8,1,4
8,1,4
8,1,4
8,1,4
8,1,4
8,1,4
8,1,4
8,1,4
8,1,4
8,1,4
8,1,4
8,1,4
8,1,4
8,1,4
8,1,4
8,1,4
8,1,4
8,1,4
8,1,4
8,1,4
8,1,4
8,1,4
8,1,4
8,1,4
8,1,4
8,1,4
8,1,4
8,1,4
8,1,4
8,1,4
8,1,4
8,1,4
8,1,4
8,1,4
12,2,4
2,2,3
2,2,3
2,2,3
2,2,3
2,2,3
2,2,3
2,2,3
2,2,3
1,1,5
1,1,5
1,1,5
2,2,4
2,2,4
7,2,5
7,2,5
4,2,2
4,2,2
4,2,2
2,2,4
2,1,3
2,1,3
4,1,4
27,1,4
27,1,4
27,1,4
27,1,4
27,1,4
27,1,4
27,1,4
27,1,4
27,1,4
27,1,4
27,1,4
27,1,4
27,1,4
3,2,4
1,1,5
1,1,5
1,1,5
4,1,4
4,1,4
2,1,4
2,1,4
4,1,5
4,1,5
4,1,5
4,1,5
4,1,5
4,1,5
4,1,5
1,1,5
1,1,5
1,1,5
1,1,5
1,1,5
1,1,5
1,1,5
1,1,5
1,1,5
1,1,5
1,1,5
1,1,5
10,1,2
10,1,2
10,1,2
10,1,2
10,1,2
10,1,2
10,1,2
10,1,2
10,1,2
10,1,2
10,1,2
10,1,2
10,1,2
10,1,2
3,1,5
1,2,4
1,2,4
5,1,5
5,1,5
5,1,5
5,1,5
5,1,5
5,1,5
5,1,5
5,1,5
5,1,5
5,1,5
5,1,5
5,1,5
5,1,5
5,1,5
5,1,5
56,1,4
56,1,3
9,1,4
9,1,4
9,1,4
9,1,4
9,1,4
1,1,4
3,1,5
3,1,5
3,1,5
7,2,5
7,1,5
7,1,5
1,1,4
3,1,4
3,1,4
3,1,4
3,1,4
3,1,4
3,1,4
3,1,4
3,1,4
15,2,5
15,2,5
15,2,5
15,2,5
15,2,5
15,2,5
15,2,5
15,2,5
15,2,5
15,2,5
15,2,5
15,2,5
15,2,5
15,2,5
1,1,5
1,1,4
3,2,5
3,2,5
3,1,3
1,2,3
1,2,3
1,2,3
1,1,5
1,1,4
1,1,4
1,1,4
1,1,4
1,1,4
1,1,4
1,1,4
1,1,4
8,2,3
8,2,3
8,2,4
8,2,4
8,2,3
8,2,4
2,1,4
2,1,4
2,1,4
2,1,4
2,1,4
4,2,5
1,1,4
1,1,4
20,1,4
1,1,5
1,1,5
1,1,5
1,1,5
1,1,5
14,1,4
14,1,4
5,1,3
1,1,3
1,1,3
1,1,3
3,2,5
3,2,5
2,2,4
2,2,4
1,1,4
1,2,3
1,2,3
1,2,3
13,1,5
13,1,5
1,2,5
1,2,5
3,1,2
3,1,2
3,1,2
1,1,4
1,1,4
1,1,4
1,1,4
1,1,4
2,1,3
2,1,3
2,1,3
41,1,5
41,1,4
6,1,4
6,1,4
6,1,4
6,2,4
6,2,4
6,2,4
7,1,3
2,1,5
6,1,4
6,1,4
6,1,4
6,1,4
6,1,4
6,1,4
8,1,4
12,1,2
23,2,5
23,2,5
23,2,5
23,2,5
23,2,5
23,2,5
23,2,5
23,2,5
15,1,3
15,1,4
15,1,4
15,1,4
15,1,3
15,1,3
15,1,4
15,1,3
15,1,4
15,1,4
15,1,3
15,1,4
15,1,4
15,1,4
15,1,3
15,1,3
15,1,3
15,1,3
5,2,4
5,2,4
5,2,4
1,2,5
1,2,5
4,1,4
1,2,5
17,1,5
17,1,5
17,1,5
26,2,5
26,2,5
26,2,5
26,2,5
2,1,3
2,1,3
2,2,5
1,1,4
2,3,5
59,1,4
36,1,2
36,1,2
36,1,2
36,1,2
2,3,3
1,2,2
1,2,2
1,2,2
1,2,2
1,2,2
1,2,2
1,2,2
1,2,2
1,2,2
1,1,3
1,1,3
4,1,4
4,1,4
4,1,4
4,1,4
4,1,4
4,1,4
1,1,3
1,1,3
1,1,3
1,1,3
1,1,3
1,1,3
1,1,3
1,1,3
1,1,3
4,2,3
1,1,4
15,1,2
5,1,2
5,1,2
2,1,2
1,1,2
2,2,2
2,2,2
2,2,2
2,2,2
2,2,2
2,2,2
2,2,2
1,2,5
3,2,2
3,2,2
3,2,2
3,2,2
4,1,3
4,1,3
4,1,5
2,1,5
30,2,4
14,1,3
14,1,3
14,1,3
1,1,4
1,1,4
12,2,2
12,2,2
12,2,3
12,2,3
12,2,3
12,2,2
12,2,3
12,2,2
12,2,2
12,2,3
4,1,3
4,1,3
4,1,3
4,1,3
1,2,5
1,2,5
3,2,5
1,1,4
1,1,4
1,1,4
1,1,4
1,1,4
1,1,4
1,1,4
13,2,4
13,2,5
1,1,5
1,1,5
1,1,5
1,1,5
1,1,5
12,1,4
12,1,5
1,2,2
1,1,2
1,1,2
1,1,2
1,1,2
1,1,2
1,2,5
1,2,5
1,2,5
1,2,5
1,2,5
1,2,5
1,2,4
1,2,4
10,1,3
2,1,4
1,1,2
1,1,2
2,1,3
2,1,3
2,1,3
2,1,3
2,1,3
2,1,3
2,1,3
2,3,4
2,3,4
2,3,4
2,3,4
2,3,4
2,3,4
60,1,4
60,1,4
60,1,5
60,1,5
1,2,3
13,1,4
13,1,4
13,1,4
1,1,3
1,1,3
1,2,2
2,2,4
2,2,4
2,2,4
2,2,4
2,2,4
2,2,4
10,1,3
10,1,3
2,1,5
2,1,5
1,2,4
7,1,5
7,1,5
7,1,5
7,1,5
7,1,5
7,1,5
24,1,4
24,1,5
24,1,4
24,1,5
24,1,5
24,1,4
1,2,4
10,1,5
2,1,5
2,1,4
1,1,3
1,1,3
5,1,3
5,1,3
5,1,3
5,1,3
5,1,3
1,2,5
1,2,2
1,2,2
1,2,2
2,3,2
1,1,5
1,1,5
1,1,5
1,1,5
1,1,5
1,1,5
1,1,5
1,1,5
1,1,5
1,1,5
2,3,3
2,3,3
2,3,3
19,2,5
19,2,5
1,2,3
1,2,3
1,1,4
1,1,4
1,1,4
1,1,4
1,1,4
1,1,4
1,1,4
8,1,3
8,1,3
1,2,5
1,2,5
1,2,5
1,2,5
1,2,5
1,2,5
1,2,5
1,2,5
1,2,5
31,1,4
31,1,4
31,1,4
31,1,4
1,1,3
8,1,5
8,1,5
1,2,2
3,1,2
3,1,2
3,1,2
4,1,2
1,2,5
2,2,4
2,2,4
2,2,5
2,2,5
2,2,5
2,2,5
2,2,5
2,2,5
2,2,5
2,2,5
2,2,5
12,1,5
12,1,4
12,1,5
12,1,4
3,1,5
3,1,5
3,1,5
3,1,5
3,1,5
3,1,5
3,1,5
3,1,5
29,1,2
1,2,4
1,2,4
3,2,2
3,2,2
3,2,2
48,2,2
8,2,3
8,2,3
8,2,3
8,2,3
8,2,3
8,2,3
8,2,3
8,2,3
8,2,3
8,2,3
8,2,3
8,2,3
8,2,3
3,1,5
2,2,5
2,2,5
1,2,5
1,2,5
1,2,5
1,2,5
1,2,5
1,2,5
1,2,5
1,2,2
1,2,2
1,2,2
3,2,5
3,2,5
13,1,2
13,1,2
13,1,2
4,2,5
4,2,5
3,2,5
1,1,3
13,2,4
1,2,5
4,2,5
4,2,5
6,1,3
6,1,3
1,2,4
1,1,3
1,1,3
1,1,3
1,1,3
8,2,3
8,2,3
2,1,4
2,1,2
2,1,2
16,1,3
16,1,3
16,1,3
16,1,3
16,1,3
16,1,3
4,2,5
2,2,3
2,3,4
2,3,4
2,3,4
2,3,4
2,3,4
2,3,4
2,3,4
2,3,4
2,3,4
1,2,4
1,2,4
7,2,4
7,2,4
1,1,3
17,1,3
17,1,3
1,2,5
1,2,5
1,2,5
8,1,5
8,1,5
8,1,5
8,1,5
1,2,3
2,3,4
2,3,4
2,3,4
2,3,4
2,3,4
2,3,4
2,3,4
2,3,4
2,3,4
2,3,4
2,3,4
2,3,4
2,3,4
2,3,4
2,3,4
2,3,4
2,3,4
2,3,4
2,3,4
2,3,4
2,3,4
2,3,4
2,3,4
2,3,4
2,3,4
2,3,4
2,3,4
2,3,4
2,3,4
2,3,4
2,3,4
2,3,4
2,3,4
2,3,4
2,3,4
1,1,5
2,1,3
2,1,3
2,1,3
2,2,3
1,2,4
1,2,4
6,2,4
6,2,4
3,1,3
1,1,2
1,1,2
1,1,2
40,1,4
40,1,3
40,1,4
2,2,3
2,2,3
8,2,4
42,1,5
42,1,4
42,1,4
42,1,5
42,1,4
42,1,5
17,1,4
17,1,4
1,1,3
7,1,4
1,2,4
1,2,4
1,2,4
3,2,5
3,2,5
23,1,5
23,1,5
23,1,5
23,1,5
1,2,5
1,2,5
1,2,5
1,2,5
3,1,3
2,3,2
2,1,4
2,2,2
2,2,2
2,2,2
2,2,2
2,2,2
2,1,3
2,1,3
2,1,3
2,1,3
2,1,3
2,1,3
2,1,3
2,1,3
2,1,3
2,1,3
2,1,3
2,1,3
2,1,3
2,1,3
2,1,3
2,1,3
2,1,3
2,1,3
2,1,3
2,1,3
2,1,3
2,1,3
2,1,3
2,1,3
2,1,3
2,1,3
2,1,3
2,1,3
2,1,3
2,1,3
2,1,3
2,1,3
2,1,3
2,1,3
2,1,3
2,1,3
2,1,3
2,1,2
2,1,2
5,1,4
5,1,4
16,1,4
16,1,4
16,1,4
1,2,4
19,1,3
19,1,3
29,1,2
29,1,2
5,2,4
5,2,4
2,3,5
4,2,3
43,1,5
1,1,3
1,1,3
1,1,3
3,2,3
3,2,3
3,2,3
3,2,3
13,1,2
13,1,2
13,1,2
13,1,2
1,2,2
1,2,2
1,2,2
1,2,2
1,2,2
1,2,2
1,2,2
1,2,2
1,2,2
1,2,2
1,2,2
1,2,2
1,2,2
1,2,2
1,2,2
1,2,2
1,1,4
1,1,4
1,1,4
1,2,2
1,1,5
2,1,5
1,2,3
1,2,3
4,2,5
24,1,3
5,2,5
2,2,4
2,2,4
2,2,4
2,2,4
1,1,3
1,1,3
1,1,3
1,1,3
1,1,3
1,1,3
1,1,3
1,1,3
1,1,3
29,1,2
29,1,2
39,2,2
39,2,3
39,2,3
39,2,2
17,1,4
17,1,4
2,1,3
2,1,3
2,1,3
2,1,3
2,1,3
2,1,3
2,1,3
2,1,3
13,1,4
13,1,4
13,1,4
13,1,4
13,1,4
13,1,4
13,1,4
13,1,4
13,1,4
13,1,4
13,1,4
13,1,4
13,1,4
13,1,4
1,2,4
1,1,3
1,1,3
5,2,5
1,2,5
4,2,4
1,2,2
18,2,5
18,2,5
1,1,3
20,1,3
29,1,5
29,1,4
29,1,4
29,1,4
29,1,4
29,1,5
29,1,5
29,1,4
29,1,5
29,1,5
16,1,4
16,1,4
16,1,4
16,1,4
16,1,4
16,1,4
16,1,4
16,1,4
16,1,4
16,1,4
16,1,4
16,1,4
16,1,4
16,1,4
16,1,4
16,1,4
16,1,4
16,1,4
16,1,4
16,1,4
16,1,4
16,1,4
16,1,4
16,1,4
16,1,4
16,1,4
16,1,4
16,1,4
16,1,4
16,1,4
16,1,4
16,1,4
16,1,4
16,1,4
4,2,2
4,2,2
4,2,2
1,1,2
1,1,2
13,2,5
13,2,4
8,1,2
8,1,2
9,2,3
12,2,5
12,2,5
12,2,5
12,2,5
4,1,3
1,2,5
1,2,5
1,1,5
1,1,5
1,1,5
7,1,5
7,1,5
7,1,5
7,1,5
7,1,5
7,1,5
7,1,5
7,1,5
7,1,5
7,1,5
7,1,5
7,1,5
7,1,5
7,1,5
7,1,5
7,1,5
7,1,5
7,1,5
4,2,5
5,1,4
5,1,4
5,1,4
5,1,4
5,1,4
11,1,4
11,1,4
3,2,4
1,1,3
19,1,5
19,1,5
13,1,4
1,2,4
1,2,4
1,2,4
1,2,4
1,2,4
1,2,4
1,2,4
1,2,4
25,2,3
2,2,5
2,2,5
3,2,3
3,2,3
3,2,3
3,2,3
3,2,3
3,2,3
3,2,3
21,1,5
21,1,5
3,2,5
3,2,5
3,2,5
3,2,5
3,2,5
3,2,3
1,2,5
2,3,4
19,2,3
1,2,3
1,1,5
1,1,5
1,2,3
1,2,3
1,2,3
18,1,5
18,1,5
18,1,5
18,1,5
18,1,5
18,1,5
18,1,5
18,1,5
18,1,5
18,1,5
18,1,5
18,1,5
5,1,4
5,1,4
5,1,4
5,1,4
5,1,4
5,1,4
5,1,4
5,1,4
2,2,5
2,2,5
2,2,5
2,2,5
2,2,5
2,2,5
15,2,4
15,2,5
1,1,5
3,1,3
3,1,3
3,1,3
3,1,3
1,1,4
29,1,5
29,1,5
29,1,5
29,1,5
29,1,5
29,1,5
29,1,5
29,1,5
29,1,5
29,1,5
29,1,5
29,1,5
1,2,2
1,1,5
1,2,4
1,2,4
1,2,4
1,2,4
1,2,5
1,2,5
1,2,5
1,2,5
1,2,5
1,2,5
1,2,5
1,2,5
1,2,5
27,1,4
27,1,4
27,1,4
5,2,5
5,2,4
1,2,4
1,2,4
1,2,4
1,2,4
8,1,4
1,1,4
1,1,4
1,2,4
1,2,4
1,2,4
1,1,4
1,1,4
1,1,4
1,1,4
1,1,4
1,1,4
7,1,4
7,1,4
14,1,5
3,1,4
2,2,2
2,2,2
2,1,2
2,1,4
1,2,3
1,2,5
15,2,4
27,1,3
2,3,2
1,1,5
1,1,5
1,1,5
1,1,5
1,1,5
1,2,2
1,1,3
1,2,4
1,2,3
1,2,3
1,2,2
1,2,2
1,2,2
1,2,2
1,2,2
1,2,2
1,2,2
62,2,5
62,2,5
1,1,5
1,1,5
1,1,5
1,1,5
3,1,5
3,1,5
3,1,5
3,1,5
1,2,2
1,2,2
2,3,2
2,3,2
2,3,2
2,3,2
2,3,2
2,3,2
2,3,2
2,3,2
2,3,2
2,3,2
2,3,2
2,3,2
2,3,2
2,3,2
7,2,3
7,2,3
7,2,3
7,2,3
10,2,5
1,2,3
16,1,5
4,1,2
1,1,3
1,1,3
1,1,3
6,2,4
2,3,2
2,3,2
10,1,4
10,1,4
1,2,2
4,2,1
4,2,1
4,2,1
4,2,1
4,2,1
4,2,1
4,2,1
1,2,4
4,2,3
15,1,4
15,1,4
1,2,3
1,2,5
1,2,5
1,2,5
1,2,5
1,1,5
1,1,5
1,1,5
1,1,5
1,1,5
1,1,5
1,2,5
1,2,5
1,2,5
1,2,5
1,1,5
1,2,3
1,1,3
38,1,2
38,1,2
38,1,2
38,1,2
38,1,2
38,1,2
38,1,2
38,1,2
38,1,2
38,1,2
38,1,2
38,1,2
38,1,2
38,1,2
3,2,4
7,1,4
7,1,4
7,1,4
6,1,5
6,1,5
6,1,5
6,1,5
6,1,5
6,1,5
6,1,5
6,1,5
5,1,2
5,1,2
52,1,4
52,1,4
52,1,4
2,1,2
2,1,2
2,1,2
2,1,2
1,1,2
1,1,2
1,1,2
1,1,2
1,1,2
11,1,5
11,1,5
4,1,4
4,1,3
4,1,4
4,1,3
4,1,5
4,1,5
1,2,5
1,2,4
4,1,4
8,2,2
8,2,2
2,1,4
2,1,4
1,2,3
3,2,4
1,2,2
1,2,5
1,2,5
1,2,5
1,2,5
1,2,5
32,1,5
32,1,4
32,1,4
32,1,5
76,1,3
76,1,4
76,1,4
76,1,3
76,1,3
76,1,3
10,1,3
6,1,3
6,1,4
2,2,3
1,2,3
1,2,3
1,2,3
1,2,3
1,2,3
14,2,3
1,2,3
2,1,3
2,1,3
2,1,3
2,1,3
2,1,3
2,1,3
2,1,3
2,1,3
3,1,4
3,1,4
3,1,4
3,1,4
1,1,5
1,1,5
11,1,4
2,2,3
2,2,3
2,2,3
2,2,3
2,2,3
2,2,3
2,2,3
2,2,3
6,2,4
4,2,2
3,2,5
3,2,5
2,2,4
3,1,3
3,1,3
1,2,5
18,1,3
18,1,3
1,1,4
1,1,4
1,2,4
1,2,4
1,2,4
1,2,4
1,2,4
1,2,4
2,1,3
2,1,3
1,2,5
1,2,5
1,2,5
1,1,3
1,1,3
1,1,3
1,1,3
1,1,3
1,1,3
1,1,3
1,1,3
1,1,3
1,1,3
1,1,3
1,1,3
1,1,3
1,1,3
5,2,2
5,2,2
2,1,5
2,3,3
1,1,4
20,1,4
3,2,5
9,1,3
9,1,3
9,1,3
9,1,3
9,1,3
9,1,3
9,1,3
9,1,3
9,1,3
9,1,3
9,1,3
9,1,3
9,1,3
9,1,3
9,1,3
9,1,3
25,1,5
25,1,5
25,1,5
25,1,5
4,2,3
6,1,5
6,1,5
6,1,5
6,1,5
6,1,5
6,1,5
15,1,5
15,1,5
15,1,5
15,1,5
15,1,5
15,1,5
15,1,5
15,1,5
15,1,5
15,1,5
15,1,5
15,1,5
15,1,5
15,1,5
15,1,5
4,1,3
4,1,3
1,1,4
1,1,4
1,2,3
1,2,3
1,2,3
1,2,3
1,2,3
36,1,5
36,1,5
1,2,5
1,2,5
2,3,2
2,1,4
2,2,5
2,2,5
19,1,5
19,1,5
19,1,5
19,1,5
55,1,5
2,2,4
2,2,4
57,1,5
57,1,5
12,1,4
11,1,4
11,1,4
11,1,4
11,1,4
11,1,4
11,1,4
11,1,4
11,1,4
1,2,4
1,2,4
1,2,4
4,2,4
4,2,4
3,2,2
12,2,2
12,2,2
4,2,2
27,1,4
2,2,3
27,1,2
27,1,3
27,1,3
27,1,2
1,2,4
7,1,4
18,1,5
18,1,5
24,1,3
24,1,3
2,1,3
2,1,3
1,1,4
1,1,4
1,1,4
1,1,4
1,1,4
1,1,4
2,1,4
2,3,5
2,3,5
2,3,5
2,3,5
2,3,5
2,3,5
2,3,5
2,3,5
1,1,5
1,1,5
1,1,5
1,1,5
1,1,5
1,1,5
1,1,2
3,2,4
3,1,2
3,1,2
79,1,2
79,1,3
79,1,3
1,1,2
1,1,4
1,1,4
1,1,2
1,1,2
1,1,2
1,1,2
1,1,2
1,1,2
1,1,2
24,1,2
24,1,2
9,1,5
34,1,3
34,1,3
1,1,2
1,1,2
1,1,2
1,1,2
1,1,2
1,1,2
1,1,2
1,1,2
1,1,2
1,2,4
1,2,3
2,1,4
2,1,4
1,1,5
5,2,3
2,1,2
2,1,2
2,1,2
2,1,2
2,1,2
2,1,2
2,1,2
2,1,2
2,1,2
2,1,2
2,1,2
2,1,2
2,1,2
2,1,2
2,1,2
2,1,2
2,1,2
2,1,2
1,1,4
14,2,5
14,2,5
14,2,5
14,2,5
14,2,5
14,2,5
1,1,2
3,1,4
1,1,5
1,1,5
1,1,5
1,1,5
1,1,5
1,2,4
1,2,4
1,1,2
1,1,4
3,1,3
7,1,4
7,1,4
7,1,4
19,2,4
1,2,5
1,2,5
1,1,5
6,1,3
4,2,2
4,2,2
4,2,5
4,2,5
16,2,5
1,2,2
1,1,4
1,1,4
1,1,4
1,1,3
2,2,3
1,2,2
9,1,4
2,2,5
2,2,5
2,2,5
2,2,5
2,2,5
2,2,2
1,1,3
1,1,3
1,1,3
1,1,3
1,1,3
1,1,3
1,1,3
1,1,3
1,1,3
1,1,3
1,1,3
1,1,3
2,2,2
2,2,2
2,2,2
2,2,5
2,2,5
2,2,5
2,2,5
2,2,5
2,2,5
2,2,5
2,2,5
2,2,5
2,2,5
2,2,5
2,2,5
2,2,5
2,2,5
2,1,2
1,2,3
5,2,4
5,2,4
5,1,4
2,1,2
2,1,2
2,2,3
2,2,3
5,1,3
1,1,4
1,1,5
3,2,5
3,2,5
7,2,5
7,2,5
7,2,5
7,2,5
7,2,5
7,2,5
36,1,4
36,1,4
36,1,4
36,1,4
36,1,4
36,1,4
36,1,4
36,1,4
36,1,4
36,1,4
36,1,4
36,1,4
36,1,4
36,1,4
36,1,4
36,1,4
36,1,4
36,1,4
36,1,4
36,1,4
36,1,4
36,1,4
36,1,4
36,1,4
1,2,3
1,2,4
1,2,4
1,2,5
1,2,5
1,2,5
1,2,5
1,2,5
1,2,5
1,2,5
1,2,5
1,2,5
1,2,5
1,2,5
1,2,5
1,2,5
22,2,2
6,1,4
2,2,4
1,2,2
16,1,3
2,3,4
1,1,3
3,2,4
1,1,3
1,1,2
1,1,2
7,1,5
7,1,5
7,1,5
7,1,5
7,1,5
7,1,5
34,1,3
34,1,4
34,1,3
34,1,4
3,2,5
3,2,5
3,2,5
1,1,4
1,1,4
1,1,4
1,1,3
38,1,4
38,1,4
38,1,4
38,1,4
38,1,4
38,1,4
38,1,4
38,1,4
38,1,4
38,1,4
38,1,4
38,1,4
15,2,4
15,2,4
15,2,4
15,2,4
15,2,4
15,2,4
15,2,4
15,2,4
15,2,4
15,2,4
15,2,4
1,2,5
2,2,3
10,1,4
10,1,4
9,1,3
9,1,3
1,2,5
1,2,5
3,1,3
3,1,3
13,1,5
13,1,5
13,1,5
1,1,4
1,1,4
1,2,2
3,1,3
5,2,3
1,2,3
1,2,3
1,2,3
1,2,3
1,2,3
1,2,3
1,2,3
1,2,3
1,2,2
9,2,3
2,1,3
2,1,3
2,1,3
27,1,5
27,1,4
27,1,4
2,1,3
2,1,3
2,1,3
38,1,4
38,1,4
38,1,5
38,1,5
38,1,4
38,1,4
37,1,4
37,1,4
37,1,4
37,1,4
28,1,5
28,1,5
28,1,5
28,1,5
1,1,4
1,2,4
3,1,5
1,2,4
1,2,4
2,1,3
3,2,4
3,2,4
1,2,3
1,2,3
1,1,4
21,1,5
2,2,5
2,2,5
3,1,3
6,2,5
16,2,5
16,2,5
1,2,5
1,2,5
26,2,3
4,1,4
1,2,5
18,1,4
18,1,4
2,3,5
2,3,5
2,3,5
2,3,5
2,3,5
2,3,5
2,3,5
19,2,2
19,2,3
1,1,4
1,1,4
1,1,4
1,1,4
1,1,2
1,1,2
1,1,2
1,1,2
17,2,5
14,1,5
14,1,5
5,1,3
5,1,3
5,1,3
5,1,3
5,1,3
5,1,3
5,1,3
5,1,3
5,1,3
5,1,3
5,1,3
5,1,3
5,1,3
5,1,3
5,1,3
5,1,3
1,1,4
1,1,4
1,1,3
3,2,5
40,1,4
40,1,4
2,2,2
1,1,3
15,1,2
15,1,2
3,2,3
6,1,4
1,2,4
26,1,4
26,1,4
1,1,4
2,3,5
9,2,3
17,1,3
17,1,3
1,1,3
1,1,3
1,1,3
1,1,3
1,1,3
1,1,3
3,1,3
19,1,5
3,1,4
3,1,4
3,1,4
3,1,4
3,1,4
3,1,4
3,1,4
3,1,4
3,1,4
3,1,4
56,1,3
56,1,3
7,2,2
8,1,2
8,1,2
8,1,2
8,1,2
8,1,2
3,2,3
3,2,3
3,2,3
3,2,3
3,2,3
1,1,2
1,1,2
1,1,2
1,2,5
1,2,2
1,2,2
2,1,4
50,1,4
50,1,5
50,1,5
50,1,4
1,2,4
1,1,4
1,1,4
1,1,4
1,1,4
5,2,5
6,2,3
1,1,2
1,1,2
1,1,4
1,1,4
1,1,4
1,1,4
1,2,4
1,2,4
12,1,5
7,1,3
7,1,3
7,1,3
7,1,3
7,1,3
2,1,4
44,1,5
44,1,5
44,1,4
2,2,4
3,2,2
1,2,3
2,2,2
2,2,2
9,1,5
9,1,5
11,1,4
11,1,4
11,1,4
11,1,4
11,1,4
11,1,4
11,1,4
11,1,4
11,1,4
11,1,4
11,1,4
11,1,4
11,1,4
11,1,4
11,1,4
11,1,4
11,1,4
11,1,4
1,2,2
1,2,2
1,2,2
1,2,2
1,1,5
1,1,5
23,1,3
23,1,3
23,1,3
5,2,5
5,2,5
5,2,5
5,2,5
5,2,5
5,2,5
2,2,2
2,2,2
9,2,3
9,2,3
1,1,4
13,1,5
13,1,5
13,1,5
13,1,5
13,1,5
13,1,5
13,1,5
13,1,5
13,1,5
13,1,5
13,1,5
13,1,5
13,1,5
13,1,5
1,2,3
8,1,4
8,1,4
3,1,2
3,1,2
3,1,2
3,1,2
3,1,2
3,1,2
1,2,4
2,1,4
6,1,2
6,1,2
6,1,2
6,1,2
41,2,4
1,2,3
7,1,3
2,1,3
1,2,5
17,2,3
17,2,2
6,2,4
6,2,4
3,1,3
3,1,3
3,1,3
2,2,4
2,2,4
2,2,4
2,2,4
2,2,4
1,1,3
12,2,4
12,2,4
12,2,3
12,2,3
3,1,3
4,2,3
13,1,5
13,1,5
13,1,4
13,1,5
13,1,5
13,1,4
13,1,5
13,1,4
13,1,4
13,1,5
13,1,4
13,1,4
19,1,5
19,1,5
2,2,5
1,1,4
2,1,4
2,1,4
2,3,5
2,3,5
12,1,5
12,1,5
12,1,5
1,1,3
1,1,3
7,2,5
26,1,3
26,1,4
26,1,3
2,1,3
1,1,4
1,1,4
1,1,4
1,1,4
1,1,4
1,2,2
1,2,2
1,1,5
1,1,5
1,1,2
16,2,4
16,2,4
16,2,4
16,2,4
16,1,3
16,1,3
3,1,3
8,1,5
8,1,5
4,2,5
1,1,4
11,2,4
1,2,4
1,2,4
19,1,4
19,1,4
19,1,4
19,1,4
1,1,3
1,1,3
1,1,3
1,1,3
4,2,4
4,2,4
2,2,3
1,1,4
1,1,4
1,1,4
2,1,4
2,1,4
2,1,4
2,1,4
1,1,5
1,1,5
1,1,5
1,1,5
2,2,2
1,2,5
43,1,2
43,1,2
10,2,2
10,2,2
10,2,2
3,1,4
3,1,4
3,1,4
3,1,4
3,1,5
3,1,4
3,1,5
3,1,5
3,1,5
3,1,5
3,1,4
3,1,5
3,1,4
3,1,5
3,1,4
3,1,5
1,1,5
1,1,5
9,1,3
9,1,3
9,1,3
9,1,3
9,1,3
9,1,3
9,1,3
9,1,3
9,1,3
9,1,3
1,2,5
1,1,4
1,2,2
36,1,2
10,1,5
10,1,5
10,1,5
1,1,5
1,1,5
8,2,4
1,2,3
1,2,3
1,2,3
6,1,3
6,1,3
47,1,4
47,1,4
47,1,4
47,1,4
16,1,4
16,1,5
1,2,5
2,1,4
2,1,4
2,1,4
2,1,4
7,2,5
24,2,2
24,2,2
2,3,2
2,3,2
2,3,2
2,1,3
2,1,4
2,1,4
2,1,4
2,1,4
2,1,4
2,1,4
2,1,4
2,1,4
2,1,4
4,2,3
1,1,3
1,2,3
1,2,3
1,2,3
1,2,3
1,2,3
1,2,3
1,2,3
1,2,3
1,2,3
7,1,5
7,1,5
7,1,5
1,1,5
1,1,5
1,2,3
1,2,3
2,2,3
13,2,3
13,2,3
13,2,3
13,2,3
13,2,3
13,2,3
2,1,4
1,2,3
1,2,3
1,2,3
1,1,5
1,1,5
1,1,5
2,2,2
1,2,5
1,1,3
3,2,5
7,1,5
7,1,5
7,1,5
7,1,5
2,1,4
1,1,4
4,1,2
4,1,2
4,1,2
4,1,2
3,2,2
3,2,2
1,1,4
2,1,4
2,1,4
62,1,4
62,1,4
62,1,5
1,2,4
1,2,4
2,1,4
2,1,4
2,1,4
2,1,4
2,1,4
2,1,4
2,1,5
2,1,5
2,2,3
2,2,3
34,2,4
34,2,4
34,2,5
34,2,5
34,2,5
34,2,5
34,2,5
34,2,5
34,2,5
34,2,5
34,2,4
34,2,4
1,1,4
12,1,2
12,1,2
12,1,2
3,2,4
3,2,4
32,1,2
32,1,2
32,1,2
32,1,2
32,1,2
32,1,2
32,1,2
32,1,2
32,1,2
23,2,4
1,1,5
1,1,5
1,1,5
2,1,3
2,2,3
2,2,3
6,1,5
6,1,5
11,2,4
11,2,4
11,2,4
11,2,4
11,2,4
11,2,4
1,2,5
8,2,4
2,1,3
3,2,5
3,2,5
3,2,5
1,1,2
1,2,4
1,1,4
1,1,4
3,2,3
2,3,3
2,3,3
2,3,3
2,3,3
1,1,3
14,1,2
14,1,2
20,1,3
20,1,3
20,1,3
20,1,3
20,1,3
20,1,3
10,2,3
23,1,2
23,1,3
23,1,3
23,1,2
1,1,3
1,1,3
2,2,5
2,2,3
1,2,4
1,2,4
1,2,4
1,2,4
1,2,4
1,2,4
1,2,4
1,2,4
1,2,4
1,2,4
2,2,3
2,2,5
1,1,3
1,1,3
4,1,3
4,1,3
2,3,4
2,3,4
1,2,4
1,2,4
2,1,4
2,1,4
30,1,4
5,2,4
5,2,4
5,2,4
5,2,4
5,2,4
5,2,4
5,2,4
1,1,5
1,1,5
1,1,5
1,1,2
1,1,2
17,1,4
17,1,4
17,1,4
17,1,4
7,1,4
7,1,4
7,1,4
7,1,4
7,1,4
7,1,4
7,1,4
7,1,4
7,1,4
7,1,4
4,1,4
5,1,4
5,1,4
2,2,5
2,2,5
1,1,5
2,1,5
2,1,5
2,2,4
5,1,5
5,1,5
5,1,5
4,1,5
1,1,3
6,1,5
6,1,5
6,1,5
6,1,5
6,1,5
6,1,5
6,1,5
6,1,5
2,1,4
2,1,4
2,1,4
2,1,4
2,1,4
35,1,2
4,2,1
4,2,1
4,2,1
4,2,1
4,2,1
4,2,1
4,2,1
4,2,1
4,2,1
4,2,1
4,2,1
2,2,4
2,2,4
2,2,4
2,2,4
2,2,4
2,2,4
1,2,4
1,1,5
1,1,3
1,1,5
1,1,5
1,1,5
1,1,5
2,1,4
2,1,4
2,1,4
2,1,4
2,1,4
2,1,4
3,1,2
3,1,2
2,1,5
2,1,5
2,1,5
2,1,5
2,1,5
2,1,5
2,1,5
2,1,5
1,2,4
1,2,3
1,2,3
1,2,3
6,2,5
6,2,5
6,2,5
6,2,5
6,2,5
6,2,5
6,2,5
6,2,5
6,2,5
6,2,5
6,1,2
1,1,5
1,1,5
4,2,3
1,1,4
1,1,4
2,2,5
2,2,5
2,2,5
1,2,5
4,2,3
4,2,3
47,1,4
47,1,4
2,2,5
3,2,2
3,2,2
3,2,2
3,2,2
3,2,2
3,2,2
3,2,3
3,2,3
3,2,3
3,2,3
3,2,3
3,2,3
3,2,3
3,2,3
3,2,3
3,2,3
3,2,3
3,2,3
3,2,3
3,2,3
3,2,3
3,2,3
3,2,3
3,2,3
3,2,3
2,1,5
2,1,5
29,1,4
29,1,5
29,1,5
29,1,5
29,1,4
29,1,4
14,1,4
1,2,4
1,2,4
1,2,4
1,2,4
1,2,4
1,2,4
1,2,4
46,1,4
46,1,4
46,1,4
46,1,5
46,1,5
46,1,5
4,2,5
8,2,2
8,2,2
8,2,2
1,1,2
3,3,5
3,3,5
3,3,5
3,3,5
3,3,5
3,3,5
3,3,5
3,3,5
21,1,5
21,1,5
21,1,5
2,3,3
34,1,5
34,1,4
2,1,2
37,1,4
24,1,4
24,1,4
1,2,4
1,2,4
5,1,5
5,1,5
1,2,3
1,2,3
1,2,3
1,2,3
1,2,3
1,2,3
26,2,5
5,1,5
5,1,5
5,1,5
5,1,5
2,2,4
2,2,4
2,2,4
4,1,5
1,2,2
1,2,2
10,2,4
2,1,4
2,1,2
2,1,2
8,1,4
3,1,5
3,1,5
3,1,5
3,1,5
6,2,4
6,2,4
6,1,3
23,1,5
1,1,5
1,2,5
12,2,4
12,2,4
62,1,2
62,1,2
2,1,4
2,1,4
2,1,4
1,2,2
1,2,2
1,2,2
1,2,2
1,2,2
1,2,2
1,2,2
1,2,2
1,2,2
1,2,2
1,2,2
1,2,2
6,1,4
6,1,4
6,1,4
6,1,4
6,1,4
6,1,4
6,1,4
6,1,4
1,2,4
1,2,3
2,1,5
2,1,5
2,1,5
6,2,3
2,2,4
2,2,4
2,2,5
2,2,5
2,2,3
2,2,3
2,1,5
2,1,5
2,1,5
2,1,5
2,1,5
2,1,5
2,1,5
2,1,5
2,1,5
2,1,5
2,1,5
2,1,5
2,1,5
2,1,5
2,1,5
2,1,5
2,1,5
2,1,5
2,1,5
1,2,5
2,1,3
3,2,5
3,2,4
3,2,5
3,2,5
3,2,4
3,2,5
2,2,4
2,2,4
4,1,5
4,1,5
4,1,5
2,3,2
2,3,2
2,3,2
1,2,3
1,2,3
1,2,3
1,2,4
1,2,4
3,1,2
2,3,3
2,3,3
2,3,3
2,3,3
10,2,5
10,2,5
10,2,4
10,2,4
10,2,5
10,2,4
6,2,4
7,2,4
7,2,5
7,2,5
7,2,4
7,2,4
7,2,5
7,2,5
7,2,4
1,2,4
5,1,2
1,2,5
1,2,5
11,1,4
11,1,4
1,1,4
1,1,4
1,1,4
1,1,4
2,1,5
18,1,3
2,2,2
2,1,3
2,2,2
2,2,2
1,1,4
1,2,3
3,1,5
3,1,5
1,1,5
1,1,5
1,1,2
10,1,2
10,1,2
10,1,2
10,1,2
10,1,2
10,1,2
8,1,4
8,1,4
1,1,4
4,2,2
4,2,2
4,2,2
4,2,2
4,2,2
4,2,2
4,2,2
4,2,2
1,2,5
7,1,4
2,1,4
2,2,3
3,1,4
1,2,2
1,2,2
1,2,2
1,1,4
1,1,4
1,2,5
1,2,5
8,2,5
40,1,3
4,2,3
4,2,3
2,2,4
11,1,4
11,1,4
11,1,4
11,1,4
11,1,4
11,1,4
11,1,4
11,1,4
11,1,4
11,1,4
11,1,4
11,1,4
11,1,4
11,1,4
11,1,4
11,1,4
11,1,4
11,1,4
11,1,4
11,1,4
11,1,4
11,1,4
11,1,4
16,1,4
16,1,4
17,1,2
1,1,5
1,1,5
1,1,5
1,1,5
1,1,5
1,1,5
1,1,5
1,1,5
1,1,5
1,1,5
1,1,5
21,1,5
21,1,4
21,1,4
21,1,4
21,1,5
21,1,5
21,1,4
21,1,4
21,1,5
21,1,5
2,1,4
2,1,4
2,1,4
1,1,4
1,1,4
7,1,4
7,1,4
7,1,4
7,1,4
7,1,4
7,1,4
7,1,4
7,1,4
7,1,4
7,1,4
7,1,4
7,1,4
7,1,4
7,1,4
7,1,4
7,1,4
7,1,4
7,1,4
7,1,4
7,1,4
7,1,4
7,1,4
7,1,4
7,1,4
7,1,4
7,1,4
7,1,4
7,1,4
7,1,4
7,1,4
7,1,4
7,1,4
7,1,4
7,1,4
7,1,4
7,1,4
7,1,4
7,1,4
58,1,4
58,1,4
2,2,5
2,2,5
2,2,5
2,2,5
4,2,4
4,2,2
4,2,2
4,2,2
4,2,2
4,2,2
4,2,2
4,2,2
4,2,2
4,2,2
4,2,2
3,2,3
20,2,4
20,2,4
20,2,4
20,2,4
1,2,3
5,2,4
5,2,5
2,3,4
2,1,2
1,1,4
9,2,3
9,2,3
10,1,3
10,1,3
10,1,3
10,1,3
10,1,3
34,1,3
34,1,3
34,1,3
34,1,3
34,1,3
34,1,3
34,1,3
34,1,3
2,2,2
5,1,4
5,1,4
6,1,3
6,1,3
6,1,3
2,3,2
1,1,5
2,1,5
2,1,5
2,1,5
2,1,5
2,1,5
2,1,5
1,2,2
1,2,2
1,2,2
1,2,4
3,2,4
1,1,5
1,1,5
1,1,5
1,1,5
1,1,2
1,1,2
1,1,2
1,1,2
1,1,2
1,1,2
1,1,2
1,1,2
1,1,2
1,1,2
3,2,3
3,2,3
3,2,3
3,2,3
3,2,3
3,2,3
3,2,3
2,2,4
5,2,4
5,2,4
5,2,4
21,1,3
24,1,5
24,1,5
24,1,5
24,1,5
24,1,5
24,1,5
24,1,5
24,1,5
7,2,4
7,2,4
2,2,2
2,2,2
53,1,4
1,2,3
2,1,2
1,2,4
1,2,4
1,2,4
4,2,5
4,2,5
1,1,5
1,1,5
1,1,5
32,1,4
2,1,4
2,1,4
1,2,4
3,2,3
3,2,3
3,2,3
2,1,3
1,1,2
1,1,2
3,2,3
1,2,5
1,2,5
1,2,5
1,2,5
1,2,5
1,2,5
1,2,4
25,1,5
1,1,2
1,1,2
1,1,2
1,1,2
1,1,2
1,1,2
1,1,2
1,1,2
1,1,2
1,1,2
1,1,2
1,1,2
3,2,4
3,2,4
3,2,4
3,2,4
2,1,5
2,1,5
4,2,4
4,2,4
1,1,3
1,1,3
1,1,3
1,1,3
1,1,3
1,1,3
1,1,3
1,1,3
1,1,3
1,1,3
1,1,3
1,1,3
1,1,3
51,2,3
51,2,3
51,2,3
1,2,5
1,2,5
2,2,5
2,2,5
1,2,2
1,2,4
4,1,5
4,1,5
4,1,5
4,1,5
4,1,5
4,1,5
4,2,5
4,2,5
29,1,3
29,1,4
29,1,4
29,1,3
1,2,2
5,1,5
5,2,5
32,1,5
32,1,5
2,2,2
2,2,2
2,2,2
2,2,2
2,2,2
11,1,4
11,1,3
11,1,4
11,1,3
11,1,4
11,1,3
9,2,4
9,2,4
13,2,4
3,1,4
1,2,5
2,2,3
7,2,3
1,2,3
1,2,3
1,2,3
1,2,3
1,2,3
1,2,3
1,2,3
1,2,3
1,2,3
1,2,3
1,2,3
1,2,3
1,2,3
1,2,3
1,2,3
1,2,3
1,2,3
1,2,3
1,2,3
1,2,3
1,2,3
1,2,3
1,2,3
1,2,3
1,2,3
1,2,3
1,2,3
23,2,2
23,2,3
2,3,3
1,2,5
1,2,5
10,2,5
10,2,5
5,2,5
5,2,5
5,2,5
7,1,5
5,2,4
19,1,2
19,1,2
19,1,2
19,1,2
19,1,2
19,1,2
19,2,3
19,2,4
8,2,5
61,2,3
61,2,3
3,1,3
3,1,3
3,1,3
17,2,3
2,3,5
2,3,5
2,3,5
2,3,5
2,3,5
2,3,5
2,3,5
2,3,5
2,3,5
2,3,5
2,2,4
2,2,4
2,2,4
7,1,3
3,1,3
15,1,4
15,1,4
15,1,4
1,2,4
1,2,4
20,2,2
20,2,2
1,2,3
1,2,3
15,2,2
4,1,4
1,2,5
1,2,5
1,2,5
15,2,5
15,2,5
15,2,5
15,2,5
2,1,2
2,1,2
2,1,2
2,1,2
2,1,2
1,1,5
1,1,5
8,2,3
2,2,4
9,2,2
2,2,2
1,1,3
1,1,3
1,1,3
2,1,4
1,2,3
1,2,3
1,2,3
1,2,3
1,1,5
1,1,5
1,2,3
3,2,4
2,2,3
1,2,4
1,2,5
2,2,5
24,1,5
1,2,4
1,2,4
9,2,4
9,2,3
20,1,4
20,1,4
1,1,2
1,1,5
1,1,5
1,2,4
1,2,4
1,2,5
8,2,5
12,2,4
12,2,4
4,1,3
2,2,4
2,2,4
2,2,4
2,2,4
2,2,4
2,2,4
2,2,4
2,2,4
2,2,4
2,2,4
7,1,4
7,1,4
7,1,4
14,1,5
14,1,5
14,1,5
8,2,2
1,1,4
1,1,4
1,1,4
1,1,4
3,2,4
17,2,5
17,2,5
17,2,5
4,2,5
4,2,5
2,2,4
47,1,5
47,1,5
4,1,4
4,1,4
4,1,4
4,1,4
4,1,4
4,1,4
4,1,4
1,2,4
1,2,4
1,2,4
1,2,3
3,1,3
3,1,3
3,1,3
3,2,4
3,2,5
3,2,5
3,2,5
3,2,5
3,2,4
3,2,4
3,2,4
1,2,4
4,2,3
16,2,4
16,2,4
2,3,2
2,2,4
2,2,4
2,2,4
5,1,4
5,1,4
5,1,4
5,1,4
5,1,4
2,2,4
15,2,4
15,2,4
15,2,4
15,2,4
5,1,4
5,1,4
5,1,4
1,1,4
1,1,4
1,1,4
6,2,5
20,1,3
1,1,3
1,1,3
1,1,3
1,1,3
9,1,3
9,1,3
8,2,4
3,1,3
3,1,3
4,1,3
4,1,3
4,1,3
1,1,5
1,1,5
1,1,5
1,1,5
1,1,5
1,1,5
1,1,5
1,1,5
1,1,5
1,1,5
1,1,5
27,2,3
27,2,3
27,2,3
21,1,3
21,1,4
1,2,2
1,2,2
1,2,2
2,3,4
2,3,4
2,3,4
2,3,4
5,2,5
5,2,5
5,2,5
1,1,5
4,2,4
4,2,4
4,2,4
1,1,4
1,2,5
2,3,5
3,1,2
2,1,5
2,1,5
2,1,5
2,1,5
20,1,5
20,1,5
20,1,4
20,1,4
9,1,4
9,1,5
2,1,2
1,1,4
7,2,5
4,2,4
24,1,2
1,2,4
1,2,4
1,1,5
6,2,3
6,2,3
6,2,3
6,2,3
6,2,3
6,2,3
6,2,3
6,2,3
6,2,3
1,2,3
1,2,3
1,2,3
1,2,3
1,2,3
8,1,5
7,1,5
7,1,5
7,1,5
7,1,5
7,1,5
25,1,5
14,1,4
14,1,5
14,1,5
14,1,4
1,1,4
1,1,4
1,1,4
1,1,4
5,2,5
5,2,5
5,2,5
5,2,5
5,2,5
5,2,5
5,2,5
5,2,5
5,2,5
5,2,5
5,2,5
5,2,5
1,2,5
1,2,5
1,2,5
1,2,5
1,2,5
2,2,4
6,1,3
1,2,4
1,2,4
1,2,4
1,2,4
1,2,4
1,2,4
1,2,5
1,2,5
1,2,5
1,2,5
1,2,5
1,2,5
1,1,5
1,1,5
1,1,5
1,1,5
1,1,5
1,1,5
1,1,5
1,2,4
1,2,4
1,2,4
1,1,4
1,1,4
1,1,4
1,1,4
2,1,4
5,2,3
3,2,4
11,1,5
11,1,5
13,1,4
13,1,5
1,2,5
2,3,2
2,3,2
2,3,2
2,3,2
2,3,2
2,3,2
2,3,2
2,3,2
2,3,2
2,3,2
2,3,2
4,2,5
4,2,3
4,2,4
4,2,3
4,2,4
22,1,5
22,1,5
1,2,3
3,2,4
2,1,4
16,1,3
16,1,3
12,2,3
12,2,3
12,2,3
12,2,3
1,2,5
1,2,5
1,2,5
1,2,5
13,1,5
13,1,5
13,1,5
15,1,4
15,1,4
2,3,4
4,2,4
4,2,3
2,3,3
2,3,3
2,3,3
2,3,3
2,3,3
2,3,3
2,3,3
1,2,5
1,2,5
1,2,5
1,2,4
3,1,4
2,1,4
5,2,4
5,2,4
5,2,4
25,1,5
25,1,4
1,2,4
5,2,3
5,2,3
5,2,3
3,2,3
28,1,3
28,1,3
28,1,3
6,1,3
6,1,3
6,1,3
6,1,3
12,1,3
12,1,2
5,2,5
1,1,4
6,2,3
6,2,3
6,2,3
1,2,4
1,2,3
1,2,3
2,1,3
2,1,3
1,1,4
1,2,3
1,2,4
1,2,4
1,2,3
1,2,3
1,2,4
1,2,4
29,1,3
29,1,4
8,2,2
1,2,5
1,2,4
1,2,4
2,2,5
2,2,5
11,1,4
11,1,4
14,1,2
14,1,2
14,1,2
14,1,2
14,1,2
1,2,5
1,2,5
4,2,4
4,2,4
1,2,2
2,2,3
1,2,3
1,2,5
1,2,5
1,2,5
1,2,3
2,2,5
2,2,5
2,2,5
1,2,4
1,2,4
3,2,5
3,2,5
1,2,4
1,1,3
1,1,3
1,1,3
3,2,4
3,1,2
10,1,3
2,2,5
2,2,5
31,2,4
31,2,4
31,2,4
1,1,5
1,1,5
1,1,5
1,1,5
1,1,5
1,1,5
1,1,5
1,1,5
2,2,3
2,1,4
2,1,4
1,2,3
2,2,5
2,2,5
2,2,5
2,2,5
2,2,5
1,2,4
17,1,2
1,2,3
1,1,4
1,1,4
4,2,2
6,2,4
1,2,5
1,1,5
1,1,4
1,1,4
1,1,4
1,1,4
1,1,4
6,2,4
1,2,4
1,1,4
4,1,3
7,2,4
7,2,4
7,2,4
1,2,5
2,3,2
2,3,2
2,3,2
2,3,2
2,2,2
2,2,2
1,2,5
44,1,4
44,1,4
11,1,4
3,2,4
1,2,3
1,2,4
1,2,4
2,2,4
2,2,4
26,2,5
26,2,4
26,2,4
26,2,5
8,2,4
1,2,5
1,2,5
1,2,5
1,2,5
1,2,5
1,2,5
6,1,4
6,1,5
1,2,2
1,2,2
1,2,2
1,2,2
5,2,5
5,2,5
1,1,4
16,2,3
1,2,5
1,2,5
2,2,5
2,2,5
2,2,5
2,2,5
3,1,3
3,1,2
3,1,2
3,1,3
15,2,3
15,2,3
2,1,3
3,1,4
3,1,4
1,2,3
5,1,3
1,2,3
1,1,3
8,1,4
8,1,4
8,1,4
8,1,4
1,2,3
1,2,3
1,2,3
4,2,5
4,2,5
4,2,5
4,2,5
4,2,5
4,2,5
4,2,5
4,2,5
4,2,5
4,2,5
4,2,5
4,2,5
4,2,5
4,2,5
4,2,5
4,2,5
4,2,5
4,2,5
1,2,5
2,2,2
9,2,5
9,2,5
1,2,4
1,2,2
2,2,4
2,2,4
47,1,4
47,1,4
3,2,2
2,3,2
2,3,2
3,1,3
3,1,3
3,1,3
1,2,4
1,2,4
2,1,2
2,1,2
2,1,2
2,1,2
1,2,3
12,1,5
21,1,4
21,1,4
21,1,4
1,1,5
1,1,5
1,1,5
1,1,5
1,1,5
1,1,5
1,1,5
1,1,5
1,1,5
1,1,5
1,1,5
12,1,5
12,1,5
12,1,5
12,1,5
1,1,5
4,2,5
4,2,4
4,2,4
4,2,4
4,2,5
4,2,5
1,1,4
1,1,4
1,1,4
1,1,4
7,1,4
7,1,4
7,1,4
7,1,4
1,2,5
1,2,5
1,2,5
1,2,5
1,2,5
1,2,5
1,2,2
1,2,2
1,2,2
1,2,2
31,2,3
31,2,4
90,1,3
90,1,2
90,1,3
90,1,2
90,1,3
90,1,2
5,2,2
5,2,2
1,2,3
11,1,2
11,1,2
2,1,4
2,1,4
2,1,4
2,1,4
2,1,4
2,1,4
1,2,4
12,1,4
12,1,4
12,1,4
12,1,4
12,1,4
12,1,4
12,1,4
1,1,5
1,2,2
4,2,5
49,2,4
49,2,4
2,3,5
18,1,5
1,1,5
1,1,4
1,1,4
1,1,4
1,1,4
1,1,4
1,2,2
8,1,3
1,2,3
36,1,5
36,1,5
36,1,5
36,1,5
36,1,5
36,1,5
36,1,5
36,1,5
36,1,5
36,1,5
36,1,5
36,1,5
36,1,5
36,1,5
36,1,5
36,1,5
36,1,5
36,1,5
36,1,5
36,1,5
1,2,4
1,2,4
1,2,4
1,2,4
1,2,2
1,2,2
1,2,2
3,1,5
3,1,5
3,1,5
3,1,5
3,1,5
3,1,5
3,1,5
3,1,5
8,1,3
13,1,2
1,2,3
1,2,3
6,2,3
1,2,5
1,2,5
1,2,5
1,2,5
1,2,3
5,1,4
5,1,5
5,2,2
5,2,2
2,3,4
3,1,3
3,1,3
3,1,3
3,1,3
3,1,3
3,1,3
3,1,3
3,1,3
3,1,3
3,1,3
4,1,2
6,2,3
6,2,3
6,2,3
6,2,3
6,2,3
20,1,4
20,1,4
20,1,4
1,2,5
1,2,5
1,2,5
2,2,2
2,2,2
2,2,2
9,2,3
9,2,4
9,2,3
9,2,3
9,2,4
9,2,4
1,2,4
1,2,4
4,1,4
4,1,4
1,2,2
1,2,2
2,1,4
10,2,2
1,2,4
1,2,4
1,1,5
1,1,5
7,2,4
6,2,5
6,2,5
6,2,3
9,2,4
9,2,4
9,2,4
9,2,4
9,2,4
9,2,4
9,2,4
9,2,4
1,1,3
1,1,3
3,1,2
2,2,2
1,2,4
1,2,4
1,2,4
1,2,4
1,2,4
1,2,4
1,2,4
3,2,4
3,2,4
3,2,4
3,2,4
3,2,4
3,2,4
3,2,4
3,2,4
2,1,4
2,2,5
2,3,2
2,3,2
2,3,2
2,3,2
2,3,2
2,3,2
12,1,3
12,1,3
12,1,3
3,1,3
22,1,3
22,1,3
22,1,3
6,2,5
6,2,5
2,1,4
2,1,4
1,2,3
1,2,3
1,2,3
1,2,3
1,2,3
1,2,3
1,2,3
24,2,5
24,2,5
4,1,2
4,1,2
9,2,5
3,1,4
3,1,4
4,2,4
9,2,4
9,2,4
1,2,5
1,1,3
1,2,2
1,2,3
2,2,5
1,2,4
1,1,2
1,1,4
4,1,5
1,2,5
1,2,5
1,2,5
1,2,5
1,2,5
1,2,5
1,2,4
1,2,3
1,2,2
1,1,4
1,1,4
1,2,4
1,2,4
1,2,4
1,1,5
1,2,3
5,2,2
5,2,2
1,1,3
5,1,4
1,2,5
1,2,5
16,2,5
16,2,5
17,1,4
17,1,4
2,1,3
2,1,3
2,1,3
2,1,3
2,2,5
2,2,5
2,2,5
2,2,5
2,2,5
2,2,5
1,2,3
1,2,4
1,2,4
1,2,4
1,2,4
1,2,4
1,2,4
1,2,4
1,2,4
1,2,4
1,2,4
3,1,2
43,1,4
1,1,2
1,1,2
1,1,2
1,1,2
1,1,2
1,1,2
1,1,2
1,1,3
1,1,3
1,1,3
1,1,3
1,2,3
3,2,2
3,2,2
3,2,2
3,2,2
3,2,2
1,2,5
6,2,3
6,2,3
20,1,3
20,1,3
1,1,4
1,1,4
10,1,3
10,1,3
1,2,3
1,2,3
1,2,5
1,2,3
1,2,3
1,2,3
1,2,3
1,2,3
1,2,3
1,2,3
1,2,3
1,2,3
1,2,3
1,1,3
1,1,3
1,1,3
1,1,3
1,1,3
1,1,3
1,1,3
1,1,3
1,1,3
1,1,3
1,1,3
1,1,3
1,1,2
3,1,5
3,2,2
1,2,3
13,2,3
13,2,3
1,2,4
1,2,4
1,1,4
21,1,5
21,1,5
21,1,5
1,2,5
1,1,4
2,1,5
2,1,5
12,1,5
2,3,4
2,3,4
50,1,3
50,1,2
1,2,5
3,3,4
3,3,4
1,2,2
1,2,2
1,2,4
1,1,3
9,2,2
1,2,2
2,2,3
2,2,3
2,2,3
3,1,4
9,2,3
9,2,3
9,2,3
2,2,4
6,1,3
6,1,3
6,1,3
6,1,3
1,2,3
1,2,3
1,2,3
1,2,3
1,2,2
2,2,4
3,2,5
3,2,4
3,2,5
3,2,4
3,2,5
3,2,4
2,3,2
5,1,3
5,1,2
2,1,5
2,1,5
2,1,5
3,2,3
3,2,3
13,1,2
2,2,2
2,2,2
2,2,2
2,3,4
2,1,2
1,2,3
1,2,3
2,2,4
2,2,4
2,2,4
1,1,3
1,1,3
1,1,3
47,1,4
10,1,5
10,1,5
10,1,5
2,2,3
4,2,4
24,1,2
24,1,2
24,1,2
24,1,2
24,1,2
24,1,2
3,2,5
25,1,4
1,1,4
1,1,4
26,1,4
4,1,5
4,1,5
4,1,5
4,1,5
4,1,5
6,2,5
9,1,3
3,1,4
1,2,2
1,2,2
2,1,5
2,1,5
9,1,4
1,2,3
4,1,4
4,1,4
1,2,5
1,2,5
1,2,5
1,2,5
1,2,5
1,2,5
1,2,5
1,2,5
1,2,5
1,2,5
47,2,2
47,2,2
43,1,4
43,1,3
43,1,4
43,1,3
43,1,4
43,1,4
43,1,3
43,1,3
1,2,4
1,2,4
1,2,4
1,2,4
1,2,4
2,2,5
2,2,5
6,1,5
8,1,2
8,1,3
6,2,3
2,1,3
2,1,3
2,1,3
2,1,4
2,1,4
2,1,4
1,1,5
1,1,5
1,2,3
1,2,3
1,2,3
1,2,3
1,2,3
1,2,3
1,2,3
1,2,3
5,1,5
5,1,5
5,1,5
5,1,5
5,1,5
5,1,5
1,1,2
15,1,3
16,1,5
10,1,5
10,1,5
10,1,5
10,1,5
2,1,4
1,1,4
5,1,2
5,1,2
5,2,3
16,2,3
16,2,3
3,1,3
3,1,3
1,1,3
1,1,3
1,2,4
12,1,5
10,1,4
1,1,5
1,1,5
1,1,5
1,1,5
1,1,5
1,1,5
1,1,5
1,1,5
1,1,5
1,1,5
1,1,5
1,1,5
1,1,5
1,1,5
1,1,5
12,1,3
1,2,5
1,2,4
3,2,3
3,2,3
11,2,3
1,2,4
1,1,4
1,2,4
1,2,4
1,2,4
1,2,4
1,1,4
1,1,4
1,1,4
1,1,4
1,1,4
4,1,4
4,1,5
4,1,4
1,1,3
8,1,2
2,2,3
10,1,5
10,1,5
5,1,4
5,1,4
2,3,5
2,3,5
2,3,5
1,1,3
1,1,3
1,1,3
1,1,3
17,1,4
17,1,4
29,2,4
29,2,5
29,2,4
29,2,5
2,1,4
2,1,4
2,1,4
14,2,3
2,2,2
1,1,4
1,1,2
28,1,2
5,2,3
32,1,4
1,1,4
10,1,3
1,2,5
1,2,5
1,2,5
1,2,5
1,2,5
5,1,4
16,1,4
16,1,4
16,1,4
2,3,3
3,1,4
11,2,4
1,2,5
8,1,2
8,1,2
1,1,2
2,1,4
2,1,4
2,1,4
1,2,2
6,1,2
1,2,2
1,2,2
1,2,2
1,2,2
1,2,2
1,2,2
1,2,2
1,2,2
1,2,2
1,2,2
1,2,2
1,2,2
1,2,2
1,2,2
1,2,2
1,2,2
20,1,4
20,1,4
8,1,4
2,1,2
6,2,5
6,2,5
6,2,5
6,2,5
6,2,5
6,2,5
6,2,5
6,2,5
2,1,5
3,2,2
3,2,2
2,1,4
1,2,3
1,2,4
1,2,4
5,1,5
5,1,5
1,1,5
1,1,2
6,1,2
1,2,2
1,2,2
1,2,2
1,2,2
4,2,4
4,2,4
4,2,5
4,2,5
1,1,4
1,1,4
2,2,4
1,1,5
1,2,3
2,3,4
1,1,5
7,2,2
7,2,2
1,1,2
11,1,2
2,1,2
22,1,4
23,1,4
2,2,5
2,2,5
2,2,5
1,2,2
1,2,2
1,2,2
12,1,3
12,1,3
1,1,2
6,1,3
1,1,3
6,1,4
6,1,4
2,2,3
2,2,3
14,1,4
14,1,4
1,2,5
1,1,4
1,1,4
4,2,2
1,2,4
1,2,4
1,2,4
10,2,2
10,2,2
1,2,3
1,2,3
1,2,3
17,2,5
17,2,5
17,2,4
17,2,4
1,2,5
1,2,5
1,1,4
3,2,4
3,2,4
1,2,3
1,2,3
3,1,2
2,1,2
2,1,2
2,1,2
2,1,2
2,1,2
14,2,3
2,2,5
2,2,5
18,1,4
18,1,4
1,1,5
5,1,4
1,2,2
1,1,4
1,2,2
1,1,4
1,1,4
1,1,4
1,1,4
1,1,4
1,1,4
1,1,4
1,1,4
1,1,4
1,1,4
23,1,5
23,1,5
10,2,4
2,1,2
2,1,2
2,1,2
2,1,2
2,1,2
1,2,4
4,2,5
4,2,5
8,2,5
8,2,5
8,2,5
8,2,5
8,2,5
8,2,5
8,2,5
8,2,5
8,2,5
8,2,5
8,2,5
8,2,5
8,2,5
8,2,5
2,2,2
2,2,2
1,2,3
1,1,3
3,1,3
3,1,3
3,1,3
3,1,3
3,1,3
1,1,3
1,1,3
1,1,3
1,1,3
2,2,3
2,2,3
6,2,4
1,2,4
1,2,4
1,2,4
1,2,4
1,2,4
1,2,4
1,2,4
3,2,2
22,2,5
22,2,5
2,2,2
2,2,2
2,1,4
5,2,5
1,2,5
1,2,5
1,2,5
1,2,5
1,2,5
1,2,5
1,2,5
11,2,5
3,1,4
2,1,5
2,1,5
1,1,2
2,2,2
3,1,3
1,1,2
1,1,2
1,1,2
4,1,3
4,1,3
4,1,3
8,2,4
1,2,2
1,2,2
1,2,2
2,2,4
1,2,3
1,1,4
3,2,3
1,2,5
1,2,5
2,2,5
15,2,4
1,2,4
2,2,2
12,2,5
1,2,4
1,2,4
1,2,4
1,2,4
1,2,5
1,2,4
7,2,3
7,2,3
7,2,3
7,2,3
7,2,3
7,2,3
7,2,3
7,2,3
7,2,3
7,2,3
7,2,3
7,2,3
7,2,3
7,2,3
7,2,3
7,2,3
7,2,3
7,2,3
1,2,5
5,2,2
5,2,2
3,2,2
3,2,2
3,2,2
1,1,3
1,1,3
9,1,2
1,1,3
1,2,2
1,2,2
1,2,2
1,2,2
1,2,2
1,2,2
3,1,3
2,2,4
2,2,4
2,2,4
2,2,5
2,2,5
2,2,5
2,2,5
2,2,5
2,2,5
3,2,4
3,2,4
1,1,2
1,2,2
10,1,3
10,1,3
10,1,3
10,1,3
10,1,3
10,1,3
1,1,2
1,2,2
6,1,3
45,1,5
1,2,5
1,1,4
1,1,4
1,1,4
1,1,4
1,1,4
1,1,4
2,2,4
2,2,4
2,3,3
2,3,3
2,3,3
2,3,3
2,3,3
2,3,3
2,3,3
2,3,3
2,2,4
1,1,5
50,1,5
50,1,4
2,1,4
2,2,3
1,2,2
1,2,3
1,2,3
1,1,5
1,1,5
1,1,5
6,1,4
2,1,3
1,1,3
2,1,4
1,1,4
1,1,4
1,1,4
6,1,3
29,1,4
29,1,4
4,1,5
1,1,5
1,1,5
1,1,5
1,1,5
1,1,5
1,2,2
1,1,5
1,1,5
1,2,5
11,2,4
11,2,4
11,2,4
11,2,4
1,1,4
1,1,4
8,2,5
11,2,3
11,2,2
11,2,2
11,2,3
11,2,2
11,2,3
11,2,3
11,2,2
1,2,5
5,1,4
5,1,4
1,2,5
1,2,5
3,2,5
33,1,4
33,1,4
33,1,4
33,1,4
7,2,4
7,2,4
3,2,4
3,2,4
3,2,4
3,2,4
3,2,4
1,2,4
1,1,2
1,1,2
1,1,2
6,2,4
6,2,4
6,2,4
1,1,3
2,3,4
2,3,4
2,2,4
1,1,3
1,2,2
1,2,2
11,2,3
24,1,5
2,3,2
2,3,2
2,3,2
2,2,3
1,1,5
1,1,5
1,1,5
1,1,5
1,1,5
1,1,5
3,2,2
3,2,2
16,1,4
5,2,5
5,2,5
5,2,5
2,2,3
13,2,4
2,2,3
22,1,5
22,1,4
2,3,3
1,2,5
1,2,5
1,2,5
3,1,3
13,1,4
1,2,3
1,2,3
15,1,3
15,1,3
15,1,3
1,2,3
1,2,3
1,2,3
1,1,5
1,1,5
1,1,5
2,1,3
1,1,5
1,1,5
1,1,5
1,1,5
1,1,3
1,1,3
1,1,3
1,1,3
1,1,3
1,1,3
1,1,3
1,1,3
1,1,3
1,1,3
1,1,3
1,1,3
1,1,3
1,1,3
1,1,3
1,1,3
11,1,2
11,1,2
11,1,2
11,1,2
11,1,2
11,1,2
2,2,3
1,1,2
2,2,5
2,2,5
2,2,5
2,2,5
2,2,5
3,2,4
3,2,4
5,1,3
2,1,3
2,1,3
1,2,3
15,1,3
15,1,3
2,2,4
2,2,4
42,1,3
1,2,2
4,2,3
1,2,4
1,2,4
6,1,5
1,2,4
1,2,4
1,2,4
1,2,4
1,2,4
1,2,4
1,2,4
2,1,4
7,2,4
7,2,2
1,1,5
3,2,4
5,1,5
1,2,4
2,2,4
2,2,4
1,2,5
1,2,5
1,2,5
2,2,4
2,2,5
16,1,4
16,1,4
16,1,4
16,1,4
5,1,4
5,1,4
5,1,4
5,1,4
1,2,4
11,1,4
11,1,4
5,2,5
5,2,5
5,2,5
5,2,5
2,2,3
3,2,4
3,2,4
3,2,4
16,2,3
11,2,2
11,2,2
2,3,3
1,2,5
1,1,4
1,1,4
1,1,5
2,3,5
21,2,1
21,2,2
21,2,1
21,2,2
21,2,1
21,2,1
21,2,1
21,2,2
21,2,2
21,2,2
1,1,5
1,1,5
4,1,2
4,1,2
4,1,2
2,2,5
2,2,5
2,2,5
5,2,5
16,1,2
16,1,2
16,1,2
16,1,2
16,1,2
15,2,3
1,2,2
1,2,2
1,2,2
1,2,2
2,2,5
2,2,5
2,2,5
2,2,5
2,2,5
4,2,4
1,2,4
1,1,3
1,1,3
1,1,3
1,1,3
1,1,3
1,1,3
2,1,2
2,1,2
2,3,5
1,1,2
2,1,5
2,1,5
1,2,3
1,2,3
1,2,3
3,2,3
3,2,3
3,2,3
3,2,3
3,2,3
3,2,3
3,2,3
3,2,3
3,2,3
3,2,3
9,2,3
1,1,4
2,2,5
1,2,2
2,3,5
2,1,3
1,2,3
1,2,2
1,2,2
1,1,4
1,1,4
1,1,4
4,1,5
2,1,2
2,1,2
2,1,2
1,1,3
1,1,3
1,1,3
3,2,5
3,2,5
3,2,5
3,2,5
2,1,4
2,1,4
22,2,2
7,2,4
3,2,5
5,2,4
5,2,5
23,2,5
23,2,5
23,2,4
23,2,5
23,2,4
23,2,4
23,2,4
23,2,4
23,2,5
23,2,5
2,3,3
2,3,3
1,2,5
1,2,2
21,2,2
27,1,4
27,1,4
2,1,4
2,1,4
2,1,4
2,1,4
2,1,4
2,1,4
2,1,4
2,1,4
2,1,4
2,2,5
2,3,5
2,3,5
2,3,5
2,1,5
2,1,5
5,1,3
8,2,5
1,1,5
1,2,4
1,2,4
1,2,2
1,2,2
8,2,4
1,1,2
1,2,2
6,1,4
5,1,2
5,1,2
2,1,2
2,1,2
2,1,2
1,1,3
1,1,3
1,1,3
1,1,3
4,1,3
1,2,5
1,2,5
1,2,5
1,2,5
2,1,5
2,3,4
2,3,4
2,3,4
2,3,4
2,3,4
2,3,4
2,3,4
1,2,5
1,2,5
15,2,3
15,2,3
15,2,3
15,2,3
4,1,4
5,1,4
27,1,4
2,2,5
1,1,5
3,1,5
9,1,4
6,1,2
6,1,2
6,1,2
6,1,2
8,2,4
26,1,2
26,1,2
26,1,2
26,1,2
26,1,2
26,1,2
1,2,3
1,2,5
1,2,5
1,2,5
1,2,5
1,2,5
3,1,2
3,1,2
20,1,3
20,1,3
1,2,4
1,1,2
1,1,2
1,1,2
4,1,4
4,1,4
4,1,4
4,1,4
4,1,4
4,1,4
4,1,4
3,1,3
23,1,4
17,1,4
17,1,4
17,1,4
17,1,4
5,2,3
5,2,3
5,2,3
5,2,3
6,2,4
1,1,1
3,2,4
2,2,2
2,2,2
1,2,4
1,2,4
3,2,3
4,1,2
1,1,3
2,1,5
2,1,5
2,1,5
2,1,5
2,1,5
10,2,4
1,1,4
8,1,4
8,1,4
8,1,4
1,1,4
1,2,4
1,2,4
1,2,4
1,2,4
1,1,2
14,1,4
4,1,5
4,1,5
4,1,5
4,1,5
4,1,5
4,1,5
4,1,5
1,1,5
13,1,3
1,2,3
6,1,4
6,1,4
6,1,4
6,1,3
6,1,3
6,1,3
6,1,4
6,1,3
6,1,3
6,1,4
6,1,3
6,1,4
6,1,3
6,1,4
6,1,4
6,1,3
10,2,4
10,2,4
10,2,4
10,2,4
2,1,5
9,1,3
39,1,4
13,1,4
13,1,4
3,2,3
3,2,3
3,2,3
3,1,5
42,1,5
42,1,4
3,2,3
1,2,2
1,2,2
1,2,2
3,1,4
3,1,4
1,1,2
6,1,3
6,1,3
6,1,3
6,1,3
6,1,3
6,1,3
6,1,3
6,1,3
6,1,3
6,1,3
6,1,3
6,1,3
6,1,3
6,1,3
6,1,3
6,1,3
6,1,3
6,1,3
6,1,3
6,1,3
1,1,2
8,1,5
3,1,2
12,1,2
12,1,3
11,2,5
11,2,4
1,2,5
1,2,5
1,2,5
1,2,4
8,2,4
8,2,4
4,2,3
4,2,3
4,2,3
4,2,3
26,1,5
26,1,5
26,1,5
26,1,5
2,1,4
2,1,4
2,1,4
2,1,4
2,1,4
2,1,2
2,1,2
2,1,2
2,1,2
2,1,2
2,1,2
2,1,2
1,2,4
4,1,4
4,1,4
2,3,3
4,2,3
4,2,3
4,2,3
33,1,5
6,1,4
6,1,4
2,1,5
2,1,5
2,1,5
2,1,5
2,1,5
2,1,5
2,1,5
1,2,4
1,2,2
1,2,5
1,2,5
1,2,5
1,2,5
1,2,5
1,2,5
1,2,5
1,1,5
1,1,5
1,1,5
1,1,5
1,1,5
1,1,5
1,1,5
1,1,5
1,1,5
1,1,5
7,1,3
1,1,4
1,2,3
14,1,4
14,1,4
1,1,2
1,1,2
1,1,2
2,3,3
1,1,4
11,2,4
8,2,5
8,2,5
8,2,5
8,2,5
2,1,4
2,1,4
1,2,4
1,2,4
13,2,5
1,1,4
2,2,5
7,1,4
7,1,4
2,1,3
2,1,3
2,1,3
2,1,3
2,1,3
2,1,3
1,1,4
2,2,5
1,1,3
1,1,3
1,1,2
1,1,2
4,1,4
4,1,4
4,1,4
3,2,4
8,1,4
8,1,4
9,2,2
9,2,2
9,2,2
9,2,2
9,2,2
1,2,3
12,2,4
12,2,4
6,2,5
6,2,5
1,2,3
1,2,3
1,2,3
1,2,3
1,1,4
1,2,3
1,2,3
1,2,3
2,2,3
1,1,4
46,1,3
46,1,3
1,1,3
2,2,5
2,2,5
1,2,4
1,2,4
1,1,5
1,1,5
1,1,5
6,1,3
6,1,3
6,1,3
3,1,4
1,1,4
1,1,4
12,1,5
1,2,3
2,3,4
1,1,5
1,1,5
1,1,5
1,1,5
1,2,2
1,2,2
2,2,5
2,2,5
2,2,5
2,2,5
2,2,5
2,2,5
2,2,5
2,2,5
2,2,5
2,2,5
2,2,5
2,2,5
2,2,5
2,2,5
2,1,3
4,2,4
16,1,5
4,2,4
4,2,4
4,2,4
4,2,4
4,2,4
4,2,4
4,2,4
4,2,4
4,2,4
1,1,5
1,1,5
35,1,4
35,1,4
35,1,4
5,1,2
1,2,2
4,2,5
2,1,3
2,1,3
2,1,3
12,1,3
12,1,3
12,1,3
12,1,3
12,1,3
12,1,3
12,1,3
12,1,3
12,1,3
2,2,2
2,2,2
1,2,4
1,2,4
1,2,4
1,2,4
1,2,4
1,2,4
5,2,3
5,2,4
7,1,4
7,1,4
7,1,4
7,1,4
7,1,4
7,1,4
7,1,4
7,1,4
7,1,4
7,1,4
7,1,4
7,1,4
7,1,4
3,2,3
3,2,3
1,2,2
1,2,2
1,2,2
1,2,2
1,1,3
1,2,2
1,2,2
2,1,4
7,2,5
7,2,5
7,2,5
7,2,5
7,2,5
7,2,5
7,2,5
11,1,3
1,1,2
1,1,2
1,1,2
1,1,2
1,1,2
1,1,2
1,1,2
1,1,2
1,1,2
1,2,3
3,2,2
3,2,2
3,2,2
11,1,5
11,1,5
11,1,5
11,1,5
1,2,4
1,2,4
1,1,3
9,1,4
2,1,5
2,1,5
2,1,5
34,1,4
34,1,4
34,1,4
34,1,4
34,1,4
34,1,4
34,1,4
34,1,4
1,1,5
2,1,1
2,1,1
2,1,1
2,1,1
1,1,2
7,2,5
7,2,5
7,2,5
7,2,5
7,2,5
7,2,5
7,2,5
1,2,4
1,2,4
1,2,4
3,1,2
3,1,2
3,1,2
10,2,4
2,2,3
2,2,3
2,3,4
3,2,4
3,1,4
3,1,4
3,1,4
3,1,4
3,1,3
2,2,5
2,2,5
2,2,5
3,2,4
3,2,5
1,1,2
13,1,5
13,1,4
1,1,2
1,1,4
3,2,4
2,1,3
22,1,5
5,1,4
5,1,4
8,1,3
40,1,5
40,1,5
40,1,5
40,1,5
40,1,5
40,1,5
40,1,5
57,1,3
1,1,4
1,1,4
1,1,4
10,1,5
3,1,3
3,1,3
1,2,5
1,2,5
14,1,2
14,1,2
14,1,2
1,1,5
5,2,3
5,2,3
2,2,5
2,2,5
4,2,5
4,2,5
4,2,5
5,1,5
5,1,5
5,1,5
5,1,5
5,1,5
5,1,5
5,1,5
5,1,5
1,1,2
1,1,2
1,1,2
4,2,5
2,3,3
2,3,3
2,3,3
6,1,2
2,1,2
5,1,5
5,1,5
1,1,4
4,1,4
4,1,4
19,1,4
19,1,5
19,1,4
19,1,4
19,1,5
19,1,5
19,1,4
19,1,5
19,1,5
19,1,4
1,1,3
1,1,3
1,1,4
7,1,5
9,1,2
9,1,2
9,1,2
2,3,2
1,2,3
2,3,3
4,2,4
4,2,4
24,1,4
24,1,4
24,1,4
12,2,4
7,2,5
2,2,4
2,2,4
2,2,4
2,2,4
2,2,3
2,2,3
2,2,3
2,2,3
2,2,3
2,2,3
2,2,3
2,2,3
3,2,2
1,1,4
3,2,3
1,2,4
1,2,4
1,1,4
1,1,4
3,1,3
2,1,5
2,1,5
2,1,5
2,1,5
2,1,5
2,1,5
2,1,5
1,2,3
1,2,3
9,1,3
9,1,3
9,1,3
1,1,3
1,1,3
1,1,3
1,1,3
1,1,3
1,1,3
4,2,2
1,2,4
1,2,4
5,2,3
11,1,3
23,1,4
23,1,5
23,1,4
23,1,5
23,1,5
23,1,4
1,2,5
1,2,5
1,2,5
1,2,5
1,2,2
4,2,5
4,2,5
4,2,5
4,2,5
2,2,5
6,2,5
6,2,5
6,2,5
6,2,5
13,2,3
1,1,3
11,1,2
11,1,2
9,2,5
9,2,5
9,2,5
6,2,3
14,1,4
14,1,4
14,1,4
1,1,3
13,1,3
13,1,4
7,1,4
7,1,5
1,1,3
1,1,5
1,1,5
1,1,5
1,1,5
1,1,5
1,1,5
6,2,3
6,2,3
6,2,4
6,2,4
5,2,4
1,1,5
6,1,5
6,1,5
6,1,5
6,1,5
5,1,5
7,1,4
3,1,5
14,1,5
14,1,5
14,1,5
14,1,5
3,1,3
1,1,2
1,1,2
1,1,2
1,1,2
1,1,2
3,1,4
3,1,4
3,1,4
3,1,4
1,1,5
2,1,4
2,1,4
2,1,4
2,1,4
2,1,4
2,1,4
2,1,4
2,1,4
2,1,4
2,1,4
4,1,2
4,1,2
4,1,2
13,1,3
13,1,3
2,2,5
2,2,5
5,2,4
5,2,4
5,2,4
20,2,4
20,2,4
1,2,5
1,2,5
2,2,4
2,1,4
2,1,4
1,1,2
1,2,3
1,1,3
1,1,3
1,1,3
1,1,3
1,1,3
1,1,3
1,1,3
1,1,3
1,1,3
1,1,3
1,1,3
1,1,3
1,1,3
1,1,3
1,1,3
1,1,3
1,1,3
1,2,3
1,2,3
1,2,3
1,2,3
1,2,3
1,2,3
1,2,3
1,2,3
1,2,3
1,2,3
1,2,3
1,2,3
1,1,5
1,1,5
3,2,4
3,2,4
4,2,5
4,2,5
4,2,5
4,2,5
4,2,5
2,2,2
3,1,5
3,1,5
3,1,5
3,1,5
3,1,5
2,1,5
2,1,5
12,1,2
21,2,5
5,2,3
5,2,3
2,3,5
2,3,5
2,3,5
17,1,3
3,1,5
3,1,5
1,2,4
1,2,5
1,2,5
1,2,5
1,2,5
1,2,5
1,2,5
1,1,2
1,1,3
1,1,3
2,1,4
21,1,2
21,1,2
21,1,2
3,1,2
3,1,2
3,1,2
3,1,2
3,1,2
3,1,2
3,1,2
3,1,2
2,2,4
2,2,4
2,2,4
2,2,4
1,1,2
7,2,3
1,2,3
1,2,3
1,2,2
3,1,4
1,2,5
1,2,4
2,3,4
2,3,4
2,3,4
2,3,4
2,3,2
2,3,3
2,3,3
5,1,2
1,2,4
1,2,4
2,2,5
2,2,5
7,2,3
7,2,3
7,2,3
14,2,3
14,2,4
1,1,4
1,2,4
1,2,4
1,2,4
1,2,4
1,2,4
1,2,4
1,2,4
1,1,5
1,1,5
1,1,5
2,2,3
2,2,3
7,2,2
3,1,4
2,2,5
2,2,5
1,2,2
1,2,2
1,2,5
1,2,5
1,2,5
1,2,5
1,2,5
1,2,5
1,2,3
10,1,2
10,1,2
3,2,4
3,2,4
3,2,4
3,2,4
3,2,4
3,2,4
3,2,4
3,2,4
3,2,4
7,2,4
7,2,4
1,2,5
1,2,3
4,1,4
10,1,5
1,1,3
1,1,3
1,1,3
2,1,2
2,2,2
2,2,2
2,2,2
2,2,2
6,1,2
2,2,5
1,2,3
1,2,2
1,2,2
6,2,3
6,2,4
6,2,4
6,2,3
1,2,4
1,2,4
2,3,3
2,3,3
1,1,4
1,1,4
1,1,4
2,2,2
2,2,2
2,2,2
2,2,2
2,2,2
2,2,2
2,1,3
1,2,2
1,2,2
1,2,2
1,2,2
1,2,2
1,2,4
1,1,5
2,1,5
4,2,3
1,2,3
1,2,3
1,2,3
1,2,3
12,1,4
43,1,5
43,1,5
43,1,4
43,1,4
37,1,5
1,1,3
1,1,3
1,1,3
1,1,5
5,2,3
10,1,2
10,1,2
10,1,2
10,1,2
10,1,2
13,1,5
3,2,5
3,2,5
4,1,3
1,1,2
1,1,2
1,1,2
1,1,2
1,1,2
3,1,4
1,1,2
1,1,2
1,1,2
1,2,2
1,2,2
1,2,2
1,2,2
1,2,2
1,2,2
1,2,4
2,2,4
2,2,4
2,2,4
1,1,3
2,3,2
2,3,2
1,2,4
2,3,2
2,3,2
1,2,2
1,2,2
1,2,2
3,2,5
3,2,5
1,1,4
1,2,3
1,2,3
1,2,3
2,3,4
11,2,4
3,2,5
1,2,3
1,2,3
5,1,3
5,1,3
5,1,3
1,2,3
1,2,3
1,2,4
3,2,5
3,2,5
3,2,5
3,2,5
3,2,5
3,2,5
1,2,4
9,2,4
9,2,4
9,2,4
9,2,4
9,2,4
9,2,4
9,2,4
9,2,4
9,2,4
9,2,4
9,2,4
9,2,4
9,2,4
9,2,4
9,2,4
9,2,4
9,2,4
9,2,4
9,2,4
9,2,4
9,2,4
9,2,4
2,1,4
2,1,4
1,2,2
4,1,3
4,1,3
4,1,3
15,2,2
11,1,5
1,2,5
1,2,5
1,2,5
1,2,5
4,2,3
1,2,3
1,2,3
1,2,3
2,2,2
2,2,2
48,1,5
3,1,4
1,1,5
1,1,5
1,1,5
1,1,2
2,2,3
1,2,2
1,2,4
1,1,5
1,1,5
4,1,3
4,1,3
25,1,5
16,1,4
16,1,4
2,3,3
34,1,4
3,2,3
3,2,3
1,1,5
1,1,3
1,1,3
1,1,3
2,3,3
2,3,3
19,1,4
2,2,2
1,2,4
1,2,4
1,1,3
1,1,3
1,1,3
1,1,3
1,1,3
1,2,5
1,2,2
1,2,3
2,2,3
2,2,3
1,1,3
1,1,3
2,2,4
2,2,4
2,2,4
1,1,3
14,1,2
24,1,4
2,2,4
2,3,4
3,2,4
3,2,4
4,2,2
10,1,3
10,1,3
1,2,3
3,1,5
2,3,2
1,1,4
2,2,2
2,2,2
2,2,2
2,2,2
1,2,3
1,2,3
1,1,4
2,2,4
1,2,5
1,2,5
1,1,5
1,2,3
3,2,5
3,2,5
3,2,5
3,2,5
3,2,5
3,2,5
3,2,5
1,1,3
4,1,5
4,1,5
11,1,4
1,2,5
3,2,4
3,2,5
2,3,4
2,3,4
9,1,4
1,1,5
1,1,5
1,1,5
1,1,5
1,2,4
1,2,4
9,2,4
9,2,4
9,2,4
9,2,4
9,2,4
9,2,4
9,2,4
9,2,4
9,2,4
1,1,4
1,1,4
1,2,5
1,2,5
2,1,4
1,2,3
1,2,3
1,2,3
4,1,3
2,1,3
1,2,4
1,2,4
2,2,4
2,2,4
11,1,3
1,1,2
5,1,4
1,1,4
1,1,4
2,1,3
2,1,4
2,1,4
5,2,2
5,2,2
5,2,2
5,2,2
14,1,2
2,2,3
1,2,4
1,2,4
1,2,4
1,2,4
1,2,4
3,1,5
3,1,5
1,2,5
1,1,4
1,1,4
14,1,4
14,1,4
2,2,4
2,1,4
2,1,4
2,3,5
2,3,5
2,3,5
2,3,5
5,2,5
7,1,5
7,1,5
7,1,5
7,1,5
1,2,4
2,2,3
22,1,3
22,1,4
3,1,5
3,1,5
1,1,2
3,2,4
3,2,4
3,2,4
3,2,4
4,1,3
3,2,4
1,2,3
1,2,3
1,2,3
1,2,3
18,2,3
18,2,2
18,2,3
18,2,2
2,2,4
1,1,4
11,1,3
11,1,3
11,1,3
11,1,3
3,2,3
3,2,3
3,2,3
3,2,3
3,2,3
3,2,3
1,1,4
1,1,4
11,2,3
6,1,4
6,1,4
6,1,4
6,1,4
4,2,5
4,2,5
2,3,5
1,1,4
1,1,4
1,2,5
1,1,2
1,1,5
1,2,3
1,2,3
19,1,5
19,1,5
19,1,4
19,1,4
19,1,5
19,1,5
19,1,4
19,1,4
1,2,4
1,2,4
1,2,4
1,2,4
1,2,4
1,2,4
1,2,4
1,2,4
14,1,5
1,2,3
1,2,3
1,2,3
3,2,5
2,2,2
1,2,5
1,2,5
10,1,4
5,2,2
5,2,2
2,2,4
4,2,5
4,2,5
4,2,5
1,1,3
1,1,3
1,1,3
2,3,5
2,3,5
1,1,3
5,1,4
4,2,5
1,2,2
1,2,2
1,2,5
1,2,5
1,2,3
1,2,3
1,2,3
1,2,3
1,2,3
1,2,3
1,2,3
1,2,3
1,2,3
1,2,3
1,2,5
19,1,4
19,1,3
25,2,3
1,2,4
4,1,4
4,1,4
4,1,4
4,1,4
1,1,3
1,1,3
7,1,3
7,1,3
1,2,4
1,2,4
2,3,2
2,3,2
9,2,3
4,2,5
4,2,5
4,2,5
4,2,5
32,1,2
3,2,5
1,2,5
1,2,5
4,1,4
4,1,4
21,2,4
21,2,5
5,1,5
5,1,5
5,1,5
24,1,5
24,1,4
24,1,5
24,1,4
24,1,4
24,1,5
24,1,4
24,1,5
1,2,2
1,2,5
2,1,3
2,1,3
2,1,3
2,1,2
1,2,5
1,2,5
1,2,5
1,2,5
2,3,4
8,2,5
1,2,4
1,1,4
2,3,2
2,3,2
5,2,5
1,2,2
1,1,4
1,1,3
1,1,3
1,1,5
1,1,5
1,1,5
2,1,3
5,2,2
5,2,2
1,2,3
1,2,3
1,2,3
1,2,3
1,2,3
1,2,3
1,2,3
1,2,3
2,2,5
16,2,4
19,2,5
19,2,4
9,2,5
1,2,2
1,2,3
1,1,2
1,1,2
3,2,2
3,2,2
1,1,3
8,1,3
8,1,3
8,1,3
8,1,3
8,1,3
8,1,3
8,1,3
8,1,3
21,2,4
21,2,4
2,1,4
4,2,5
4,2,5
4,1,4
1,1,5
13,1,3
13,1,3
13,1,3
13,1,3
2,1,2
1,1,4
1,2,2
15,1,5
15,1,4
1,1,4
1,1,5
1,1,5
1,2,3
1,2,3
34,1,4
1,1,2
1,1,2
1,1,2
1,1,2
3,2,4
2,3,2
14,1,4
14,1,4
14,1,4
1,2,3
1,2,3
1,2,3
1,2,3
21,1,3
5,2,4
5,2,4
1,1,4
1,1,4
1,2,3
1,1,2
1,1,2
13,1,4
3,2,2
3,2,2
7,2,3
8,2,3
8,2,3
1,2,4
19,1,5
19,1,5
1,1,3
6,2,3
9,1,2
9,1,2
11,1,3
11,1,3
11,1,3
2,1,4
2,1,4
2,1,4
2,3,3
9,2,3
22,2,4
22,2,3
2,2,2
8,2,5
8,2,5
1,1,3
1,1,3
1,1,3
1,1,3
2,1,4
7,2,3
7,2,3
9,1,2
9,1,2
9,1,2
9,1,2
9,1,2
8,1,5
8,1,5
1,1,3
27,1,2
27,1,3
27,1,2
27,1,3
27,1,2
27,1,3
27,1,3
27,1,3
27,1,3
27,1,2
27,1,2
27,1,3
27,1,2
27,1,2
1,1,2
12,1,4
1,2,4
7,1,4
7,1,4
7,1,4
21,1,2
3,2,5
4,1,2
7,2,4
7,2,4
1,2,4
26,1,5
26,1,5
26,1,5
26,1,5
26,1,5
7,2,3
7,2,3
7,2,3
16,2,5
6,2,5
3,2,3
2,2,2
1,2,5
2,2,4
2,2,4
1,1,2
6,1,4
5,2,5
3,1,4
3,1,4
3,1,4
3,2,5
3,2,5
3,2,5
1,2,4
1,2,4
1,2,3
1,2,3
1,2,3
1,1,3
1,1,3
1,1,3
1,1,3
1,1,3
1,2,4
2,3,4
2,3,4
2,3,4
9,2,4
13,1,4
13,1,5
13,1,5
13,1,4
13,1,4
13,1,4
2,2,2
14,2,5
10,2,3
1,2,5
11,1,3
11,1,4
4,2,4
4,2,4
4,2,4
4,2,4
1,2,5
1,2,5
1,1,4
1,1,4
1,1,4
1,1,4
2,3,3
4,2,4
1,2,2
1,2,2
24,1,5
24,1,5
1,1,5
1,1,4
1,1,4
1,1,5
2,1,3
2,1,3
2,1,3
2,1,3
2,1,3
2,1,3
2,1,3
2,1,3
2,1,3
2,1,3
1,1,3
1,1,4
1,1,4
1,1,4
1,1,4
2,1,3
1,1,5
1,1,5
1,2,5
1,1,3
2,2,2
4,1,4
4,1,4
1,1,5
2,1,5
1,2,2
1,1,2
1,1,2
9,2,5
20,2,4
20,2,3
17,1,4
17,1,4
5,1,4
5,1,4
1,2,3
1,2,3
11,1,4
4,2,5
16,1,3
16,1,3
22,1,3
22,1,3
2,3,2
2,3,2
2,3,2
2,3,2
2,3,2
2,3,2
2,3,2
2,3,2
2,3,2
2,3,2
2,3,2
2,3,2
2,3,2
2,3,2
2,3,2
2,3,2
2,3,2
2,3,2
2,3,2
2,3,2
2,3,2
2,3,2
2,3,2
2,3,2
6,1,4
6,1,4
6,1,4
6,1,4
13,1,5
3,1,4
3,1,4
1,2,5
1,2,5
1,2,5
1,2,5
14,1,4
14,1,4
14,1,4
14,1,4
1,2,5
1,2,5
28,1,4
9,2,3
2,2,5
2,2,5
19,1,4
2,3,5
2,3,5
2,3,5
5,2,3
5,2,3
5,2,3
1,2,3
1,2,3
2,1,3
11,1,3
11,1,3
11,1,3
2,3,4
2,3,4
6,1,4
1,2,5
1,2,5
7,2,5
7,2,5
7,2,5
7,2,5
7,2,5
5,1,2
1,2,5
2,1,3
1,1,5
12,1,4
12,1,4
12,1,4
12,1,4
12,1,4
12,1,4
12,1,4
12,1,4
12,1,4
12,1,4
12,1,4
7,2,5
7,2,5
7,2,5
7,2,5
3,2,4
2,1,4
3,2,5
4,1,2
4,1,2
2,1,5
1,1,5
2,2,4
16,1,5
16,1,5
4,2,5
1,2,5
1,1,5
1,1,5
1,1,5
7,1,4
7,1,4
7,1,4
7,1,4
7,2,5
7,2,4
7,2,4
7,2,5
7,2,5
7,2,5
7,2,4
7,2,4
16,2,5
1,2,2
2,1,3
2,1,4
1,1,2
1,1,2
8,1,2
8,1,2
6,1,5
6,1,5
7,1,2
7,1,3
35,1,5
1,2,4
1,2,4
3,1,5
3,1,5
3,1,5
1,2,5
2,2,5
2,2,5
2,2,5
3,1,3
3,1,3
3,1,3
3,1,3
3,1,3
5,1,5
5,1,5
1,1,5
1,1,5
1,1,5
1,1,5
1,1,5
2,2,5
2,2,5
37,2,4
1,2,2
1,2,2
54,1,5
3,2,4
3,2,4
3,2,4
3,2,4
3,2,4
3,2,4
3,2,4
3,2,4
2,2,5
12,1,3
4,2,5
4,2,5
4,2,5
4,2,5
4,2,5
4,2,5
4,2,5
4,2,5
4,2,5
4,2,5
4,2,5
4,2,5
5,2,5
5,2,5
5,2,5
5,2,5
5,2,5
5,2,5
14,1,5
14,1,4
14,1,5
14,1,4
1,1,5
1,1,5
1,1,5
1,1,5
1,1,5
1,1,5
1,1,5
1,1,5
1,1,5
1,1,5
1,1,5
1,1,5
1,1,5
1,1,5
1,2,4
39,1,4
2,1,5
3,1,5
1,2,4
1,1,4
1,1,4
35,1,3
8,1,4
8,1,4
8,1,4
2,1,3
26,1,5
1,2,4
1,2,4
1,2,4
1,2,4
1,2,4
1,2,4
1,2,4
1,2,4
1,1,3
1,2,5
1,2,5
1,2,5
1,2,5
1,2,5
1,2,5
1,2,5
1,2,5
1,2,5
1,2,3
1,2,3
1,2,3
1,2,3
1,2,5
1,2,5
24,1,5
24,1,5
24,1,5
4,2,3
3,1,3
3,1,2
3,1,2
3,1,3
3,1,3
3,1,2
1,2,5
1,2,5
1,2,5
23,1,2
1,2,4
1,2,4
16,1,5
1,1,3
1,1,3
1,1,3
1,1,3
1,1,3
1,1,3
8,1,3
1,1,5
1,1,5
1,1,5
1,1,5
1,1,5
1,1,5
1,1,4
1,2,4
1,1,3
1,1,3
1,1,3
1,1,3
1,1,3
1,1,3
11,1,4
17,1,4
1,1,5
37,1,4
37,1,4
3,2,4
3,2,4
3,1,3
3,1,3
3,1,3
1,1,3
1,1,3
1,1,3
1,2,4
1,2,4
12,1,4
12,1,4
12,1,4
12,1,4
12,1,4
12,1,4
6,2,2
6,2,2
6,2,2
6,2,2
8,1,4
22,1,3
22,1,3
1,1,4
1,1,4
1,1,4
1,1,4
1,1,4
1,1,4
1,1,4
1,1,4
1,1,4
1,1,4
3,1,3
3,1,3
3,1,3
3,1,3
3,1,3
3,1,3
3,1,3
1,2,3
1,2,3
1,2,3
1,2,3
1,2,3
1,1,5
2,2,3
2,2,3
2,2,3
2,2,3
2,2,3
2,2,3
1,1,5
1,1,5
2,2,5
2,2,5
2,2,5
1,2,4
11,2,4
11,2,4
11,2,4
2,3,2
2,3,2
2,3,2
2,3,2
2,3,2
2,3,2
8,1,5
8,1,5
6,2,5
6,2,5
6,2,5
4,2,5
4,2,5
3,2,5
3,2,5
3,2,5
6,1,2
2,2,3
2,2,3
2,2,3
2,2,3
1,1,2
1,1,2
1,1,2
1,1,2
1,1,2
1,1,2
1,1,2
13,1,2
13,1,3
8,2,4
1,2,5
19,2,4
6,1,2
1,2,3
1,2,3
1,2,3
1,2,3
3,1,2
18,1,2
2,3,3
2,3,3
2,3,3
2,3,3
1,1,5
1,2,4
5,2,4
5,2,4
5,2,5
5,2,5
1,2,4
2,3,4
2,3,4
2,3,4
24,1,4
4,2,4
4,2,5
4,2,5
4,2,4
22,1,3
22,1,3
22,1,3
22,1,3
22,1,3
22,1,3
22,1,3
22,1,3
22,1,3
6,1,5
6,1,5
6,1,5
6,1,5
6,1,5
6,1,5
6,1,5
6,1,5
6,1,5
6,1,5
6,1,5
6,1,5
1,2,5
1,2,5
3,2,4
1,1,2
1,1,2
1,1,2
1,1,2
2,2,5
2,2,4
2,2,4
2,2,4
33,1,4
33,1,4
33,1,4
33,1,4
1,2,4
1,2,4
8,1,5
8,1,5
8,1,5
8,1,5
8,1,5
8,1,5
8,1,4
8,1,4
12,2,5
1,2,5
4,2,4
2,1,4
13,1,4
31,1,3
4,1,4
4,1,4
1,2,4
33,1,4
1,2,4
29,1,2
29,1,2
8,1,5
2,2,5
2,2,5
2,2,5
2,2,5
14,2,4
14,2,4
14,2,4
2,1,3
4,1,3
4,1,3
4,1,3
4,1,3
1,2,4
1,2,4
2,2,4
4,1,2
4,1,2
4,1,2
4,1,2
4,1,2
4,1,2
4,1,2
4,1,2
4,1,2
12,1,5
2,1,4
2,1,5
2,1,5
5,1,4
3,1,4
3,1,4
1,1,4
1,1,3
1,1,3
1,1,3
1,1,3
1,1,3
1,1,3
1,2,5
1,2,5
2,2,5
5,1,3
5,1,3
5,1,3
5,1,3
16,1,5
16,1,5
16,1,5
16,1,5
16,1,5
16,1,5
16,1,5
16,1,5
16,1,5
16,1,5
16,1,5
16,1,5
16,1,5
16,1,5
1,1,5
2,3,4
26,1,2
20,1,2
5,2,3
5,2,4
9,2,5
8,1,4
3,2,2
2,2,5
2,2,5
2,2,5
2,2,5
2,2,5
2,2,5
2,2,5
2,2,5
2,2,5
1,1,5
1,1,5
1,2,5
1,2,5
1,2,5
1,2,3
29,2,4
29,2,5
2,2,4
2,2,4
2,2,4
2,2,4
2,2,4
1,1,4
1,2,3
3,2,5
3,2,5
3,2,5
3,2,5
1,1,4
1,1,4
3,2,5
3,2,5
3,2,5
3,2,5
3,2,5
3,2,5
3,2,5
3,2,5
3,2,5
3,2,5
3,2,5
3,2,5
2,1,4
2,1,5
2,2,2
2,2,2
3,1,4
3,1,4
3,1,4
2,2,4
2,2,4
2,2,4
2,2,4
2,2,4
2,2,5
1,2,3
1,2,3
5,2,5
5,2,5
2,2,3
10,2,2
10,2,3
1,2,5
1,2,5
1,2,5
1,2,4
1,2,5
1,2,5
1,2,5
1,2,5
19,1,4
19,1,3
21,1,2
8,2,4
9,1,4
9,1,4
9,1,4
2,3,3
1,1,2
1,1,2
1,1,2
4,1,3
2,1,4
1,2,5
1,2,5
1,2,5
2,2,4
1,2,3
1,2,3
1,2,3
1,2,3
1,2,3
1,2,3
1,2,3
1,2,3
14,1,4
1,1,5
1,1,5
2,2,5
2,2,5
2,2,4
1,2,5
2,2,3
2,2,3
2,2,3
1,1,4
1,1,4
1,1,4
1,1,4
1,1,4
1,2,4
12,1,3
1,2,5
1,2,5
4,1,4
1,2,4
1,1,2
1,1,2
1,1,2
1,1,2
1,1,2
1,2,5
2,1,4
1,1,5
1,1,5
1,1,5
1,1,5
1,1,5
1,2,4
1,1,4
2,1,5
2,1,5
2,1,4
2,1,4
1,1,4
1,1,4
1,2,2
23,2,5
1,1,4
1,1,4
15,2,2
48,1,4
2,3,4
2,3,4
1,1,3
23,1,4
23,1,4
1,1,4
1,2,5
26,1,4
17,2,4
17,2,5
1,2,5
1,2,5
1,1,3
3,1,5
3,1,4
3,1,5
3,1,4
2,3,3
1,2,3
15,2,4
15,1,4
24,1,5
24,1,4
3,1,4
1,2,5
1,2,5
1,2,5
20,2,5
9,1,4
14,1,5
14,1,5
14,1,5
14,1,5
14,1,5
4,1,5
4,1,5
4,1,5
4,1,5
7,1,4
7,1,4
1,2,5
2,2,5
1,1,5
13,2,4
13,2,4
1,1,5
1,1,5
1,1,5
1,2,3
5,1,4
4,2,3
2,1,4
2,1,4
9,2,3
9,2,3
9,2,3
2,2,3
2,2,3
1,2,5
1,2,5
8,1,3
8,1,3
3,2,4
9,1,3
9,1,3
2,2,4
2,2,4
2,2,4
2,2,4
7,2,3
7,2,3
7,2,3
7,2,3
7,2,3
7,2,3
7,2,3
7,2,3
7,2,3
11,1,3
13,1,5
13,1,5
1,2,2
7,2,5
7,2,5
1,2,5
1,2,4
3,2,5
3,2,5
7,1,4
7,1,4
7,1,4
10,1,5
1,2,3
1,2,3
1,2,3
1,2,3
1,2,3
1,2,3
1,2,3
2,3,5
18,1,5
18,1,4
2,1,4
7,1,5
7,1,5
7,1,5
13,2,5
13,2,5
3,2,5
3,2,5
5,1,2
3,1,5
1,1,4
1,1,4
24,2,5
24,2,5
24,2,5
1,2,3
2,2,4
10,1,4
1,2,4
1,2,4
1,2,4
1,2,4
1,2,4
1,2,4
1,2,4
1,2,4
5,1,5
9,1,2
4,2,3
31,1,4
31,1,4
2,2,2
17,1,5
17,1,5
2,1,5
1,2,5
1,2,5
4,1,3
15,1,4
15,1,4
15,1,4
1,2,5
1,2,2
1,2,2
1,2,2
3,1,5
3,1,5
1,1,3
1,1,3
8,2,3
6,1,4
1,2,3
1,2,3
1,2,3
1,2,3
19,1,5
19,1,5
19,1,5
2,2,4
1,2,4
2,3,5
2,3,5
1,2,5
1,2,5
1,2,5
1,2,5
5,1,2
5,1,2
2,2,4
2,2,4
1,2,5
1,2,5
1,2,5
1,2,5
5,1,5
5,1,5
7,2,5
1,1,4
1,1,4
1,1,4
1,2,3
1,2,3
1,2,3
1,2,3
1,2,3
1,2,3
1,2,3
1,2,3
1,2,3
1,2,3
1,2,3
14,1,5
1,2,5
21,2,4
24,2,5
24,2,5
10,2,5
1,2,4
2,1,3
2,1,3
1,2,5
1,2,5
1,2,5
1,2,5
1,2,5
1,2,5
1,2,5
3,2,5
3,2,5
3,2,5
1,2,4
1,2,4
1,2,4
1,2,5
5,1,3
1,2,5
1,2,5
1,2,5
1,2,4
4,1,2
4,1,2
4,1,2
1,2,4
1,2,4
1,2,5
1,2,5
1,2,5
8,2,4
8,2,4
7,2,5
2,2,4
2,3,4
2,3,4
2,3,4
2,3,4
2,3,4
5,2,5
2,1,5
2,1,5
2,2,5
13,2,5
13,2,5
13,2,5
13,2,5
13,2,5
13,2,5
13,2,5
4,1,4
15,1,5
15,1,5
12,1,4
2,3,5
4,2,4
2,3,2
11,2,3
2,2,2
5,2,2
4,1,4
4,1,4
4,1,4
2,2,5
16,2,3
16,2,3
16,2,3
16,2,3
1,2,3
2,3,4
1,1,5
1,1,5
2,2,2
2,2,2
2,2,2
2,2,2
2,2,2
2,1,4
5,2,5
13,1,4
13,1,5
1,2,5
1,2,5
3,2,4
1,2,5
1,2,5
1,1,3
1,1,2
14,2,4
14,2,4
2,2,3
2,1,4
2,1,4
2,1,4
15,1,5
11,1,3
11,1,3
11,1,3
1,2,3
4,1,4
4,1,4
2,2,4
2,2,4
7,1,2
17,1,5
17,1,5
19,2,4
19,2,4
3,1,3
1,2,4
1,2,4
7,1,2
1,2,4
1,2,3
1,2,3
2,1,5
6,2,5
6,2,5
6,2,5
2,2,4
9,1,4
2,1,4
18,1,5
18,1,5
18,1,5
18,1,5
18,1,5
2,3,3
24,2,3
24,2,2
3,2,5
3,2,5
1,1,5
1,1,5
1,1,5
1,1,3
4,1,4
4,1,4
1,2,3
1,2,3
2,3,4
8,2,3
8,2,3
1,2,5
1,2,5
1,1,4
1,1,4
1,1,4
1,1,4
1,1,4
1,1,4
3,1,5
3,1,5
3,1,5
3,1,5
3,1,5
3,1,5
1,2,2
1,2,2
1,2,2
1,2,2
1,2,2
1,2,2
1,2,2
1,1,4
2,1,5
2,1,5
2,1,5
2,1,5
2,1,5
2,1,5
3,2,3
3,2,3
3,2,3
32,1,4
32,1,4
1,1,3
1,1,3
23,1,5
1,2,4
1,2,4
1,2,4
2,2,4
2,2,4
6,2,4
1,2,2
1,2,2
1,2,2
1,2,2
1,2,2
1,2,2
1,2,2
1,2,2
4,2,4
4,2,4
1,2,4
1,2,4
11,1,3
11,1,4
11,1,4
11,1,3
28,1,5
28,1,4
1,1,4
1,1,4
9,1,2
9,1,2
9,1,2
9,1,2
9,1,2
9,1,2
9,1,2
1,2,3
23,1,2
23,1,3
20,2,5
2,2,3
3,2,4
3,2,4
2,2,5
2,2,5
2,2,5
5,1,5
5,1,5
5,1,5
5,1,5
4,1,5
3,1,2
10,1,2
1,2,5
1,2,5
1,2,5
11,1,4
11,1,3
11,1,3
11,1,3
11,1,4
11,1,4
39,1,5
6,2,5
6,2,4
3,1,5
3,1,5
3,1,5
3,1,5
3,1,5
3,1,5
3,1,5
3,1,5
3,1,5
6,2,5
9,2,5
9,2,5
1,1,4
1,1,4
8,2,5
8,2,5
8,2,5
8,2,5
8,2,5
15,2,5
15,2,5
15,2,5
15,2,5
12,1,5
2,1,4
2,1,4
2,1,4
2,1,4
2,1,4
2,1,4
2,1,4
2,1,4
5,2,4
1,2,5
1,2,5
20,1,5
1,2,3
1,2,3
1,1,5
1,1,5
1,1,5
1,1,5
1,1,5
1,2,3
2,3,3
2,3,3
1,2,4
1,2,4
2,1,4
2,1,4
5,2,3
1,1,2
1,1,2
11,2,4
1,1,4
1,1,4
1,1,4
1,1,4
1,2,3
3,2,4
15,2,5
15,2,5
18,1,5
18,1,5
18,1,5
18,1,5
18,1,5
18,1,5
18,1,5
18,1,5
18,1,5
18,1,5
18,1,5
18,1,5
18,1,5
3,1,5
13,1,3
13,1,3
13,1,3
13,1,3
1,2,5
1,2,5
11,1,4
1,1,3
5,2,4
13,1,5
13,1,5
18,2,3
18,2,3
2,2,3
2,2,3
2,2,5
2,2,5
2,2,5
5,1,3
5,1,3
5,1,3
5,1,3
1,2,5
2,2,5
24,1,5
3,2,3
3,1,3
16,2,5
16,2,5
16,2,5
18,1,5
18,1,5
1,2,4
2,3,4
6,1,4
6,1,3
1,1,4
1,2,5
1,2,5
7,1,3
1,2,4
1,2,4
4,1,4
2,3,4
2,3,4
2,3,4
2,3,4
2,3,4
2,3,4
2,3,4
2,3,4
2,3,4
2,3,4
5,1,3
5,1,2
3,2,4
3,2,5
1,2,5
1,2,5
1,2,5
1,2,5
1,2,5
1,2,5
1,2,5
10,2,3
1,2,2
1,2,2
1,2,2
13,2,5
1,2,4
1,2,2
1,2,2
1,2,2
1,2,2
1,2,2
1,2,2
1,2,2
1,2,5
1,2,5
2,1,4
1,2,3
1,1,5
1,1,5
1,1,5
1,1,5
1,1,5
1,1,5
1,1,5
1,1,5
1,1,5
20,2,5
20,2,5
14,1,4
11,1,5
11,1,5
3,2,4
3,2,4
3,2,4
3,2,4
4,2,4
2,2,5
2,2,5
54,1,4
54,1,4
54,1,5
54,1,5
54,1,5
54,1,4
1,1,3
13,2,4
13,2,4
13,2,4
13,2,4
13,2,4
13,2,4
1,1,5
1,1,5
1,1,5
1,1,5
12,1,5
12,1,5
12,1,5
2,2,5
17,1,4
17,1,5
1,1,4
1,1,4
5,2,3
5,2,5
5,2,5
3,1,3
3,1,3
3,1,3
3,3,3
3,3,3
3,3,3
3,3,3
3,3,3
3,3,3
3,3,3
3,3,3
3,3,3
3,3,3
3,3,3
3,3,3
3,3,3
3,3,3
3,3,3
3,3,3
3,3,3
3,3,3
3,3,3
3,3,3
3,3,3
3,3,3
3,3,3
3,3,3
17,1,4
17,1,4
17,1,4
17,1,4
24,2,2
24,2,2
24,2,2
24,2,2
2,2,4
2,2,4
4,1,2
26,1,2
26,1,2
5,2,3
5,2,3
1,2,3
1,2,3
1,2,3
1,2,3
1,2,3
5,1,2
5,1,2
5,1,2
2,1,5
12,1,4
1,2,2
1,2,2
1,2,2
15,2,3
12,1,5
12,1,5
1,2,4
1,2,4
3,1,2
8,1,2
8,1,3
8,1,3
1,1,4
1,1,4
1,1,4
1,1,4
1,1,4
1,1,4
1,1,4
1,1,4
1,1,4
1,1,4
1,1,4
1,1,4
1,1,4
1,1,4
1,1,4
14,1,4
14,1,3
14,1,3
14,1,4
1,2,5
1,1,5
1,1,5
8,1,4
8,1,4
2,2,3
2,2,3
1,2,5
1,1,5
1,1,5
1,1,5
1,1,5
1,1,5
1,1,5
1,1,5
1,1,5
1,1,5
1,1,4
2,2,5
9,1,4
9,1,4
9,1,4
1,2,4
2,3,4
7,1,2
7,1,2
7,1,2
2,3,2
2,3,2
4,2,5
4,2,5
18,1,5
18,1,5
3,1,3
13,1,5
6,2,4
6,2,4
2,3,4
2,3,4
1,2,3
1,2,3
1,1,4
12,2,5
12,2,5
12,2,5
12,2,5
3,2,5
4,2,4
3,2,5
2,3,3
2,2,5
6,1,5
6,1,5
6,1,5
6,1,5
6,1,5
1,1,5
1,1,5
1,1,5
1,2,2
1,2,2
1,2,2
1,2,2
1,2,2
44,1,4
44,1,5
12,2,5
2,1,3
2,1,3
5,1,4
8,2,2
1,2,3
1,2,3
1,2,3
1,2,3
3,1,3
4,2,5
2,3,2
2,3,2
2,3,2
2,3,2
1,2,5
21,2,5
21,2,5
3,2,5
9,1,4
1,1,4
14,1,3
5,1,4
5,1,4
5,1,4
1,1,5
3,2,5
3,2,5
13,2,4
13,2,4
1,2,4
1,2,4
1,2,4
1,2,4
1,2,4
8,2,4
8,2,4
3,2,3
1,2,4
1,2,4
1,2,4
1,2,4
1,2,4
1,2,4
1,2,4
1,2,4
1,2,4
1,2,4
1,2,4
1,2,4
1,2,4
1,2,4
1,2,4
1,2,4
1,2,5
1,2,5
1,2,5
11,2,4
1,2,2
4,1,5
4,1,5
4,1,4
4,1,5
4,1,4
4,1,4
2,1,3
13,2,4
4,1,4
4,1,4
15,2,5
1,1,4
1,1,4
1,1,4
1,1,5
1,1,5
1,1,5
1,1,5
1,1,4
1,2,4
3,2,3
2,1,4
11,2,5
11,2,4
11,2,4
11,2,5
11,2,5
11,2,4
11,2,5
11,2,4
1,1,4
1,1,4
1,1,5
1,1,5
1,1,5
2,1,2
2,1,2
8,1,4
8,1,4
8,1,4
8,1,4
2,2,2
2,2,2
2,2,2
2,2,2
2,2,2
2,2,2
2,2,2
2,2,2
2,2,2
2,2,2
2,2,2
2,2,2
2,2,2
2,2,2
2,2,2
2,2,2
2,2,2
2,2,2
1,2,4
1,2,4
1,2,2
1,2,3
1,2,3
17,1,4
17,1,4
17,1,4
17,1,4
17,1,4
17,1,4
17,1,4
17,1,4
3,2,2
3,2,2
3,2,2
3,2,2
3,2,2
1,2,3
2,3,2
2,3,2
2,3,2
3,2,3
1,2,4
1,2,4
1,2,3
1,2,3
1,2,3
1,2,3
1,2,3
1,2,3
1,2,3
1,2,3
1,2,3
1,2,4
1,1,3
1,2,4
1,2,4
2,1,4
1,1,2
13,1,3
13,1,3
13,1,3
13,1,3
10,1,4
10,1,4
2,2,5
2,2,5
2,2,5
2,2,5
2,2,5
2,2,5
2,2,5
2,2,5
1,2,4
2,3,4
2,3,4
1,2,5
1,2,5
1,2,5
2,3,5
2,3,5
2,3,5
1,2,5
9,2,5
9,2,5
4,2,5
4,2,5
4,2,5
4,2,5
2,2,4
2,2,4
2,2,4
1,2,4
1,2,4
1,2,4
1,2,4
1,2,4
1,2,4
1,2,4
1,2,4
1,2,4
1,2,4
1,2,4
1,2,4
1,2,4
1,2,4
1,2,4
1,2,4
1,2,4
1,2,4
1,2,4
1,2,4
1,2,4
1,2,5
1,2,4
1,2,4
1,2,5
3,1,2
3,1,2
3,1,2
3,1,2
25,2,4
25,2,4
25,2,4
1,2,4
1,2,5
2,2,5
2,2,5
2,2,5
2,2,5
2,2,5
1,2,5
1,2,5
1,2,5
1,2,5
1,2,5
3,2,3
3,2,3
2,2,2
1,2,5
1,2,5
1,2,5
1,2,5
1,2,5
1,2,3
1,2,3
1,2,3
1,2,3
1,2,3
1,2,3
1,2,3
1,2,3
1,2,3
1,2,3
1,2,3
1,2,3
1,2,3
1,2,3
1,2,3
1,2,3
1,2,3
1,2,3
1,2,3
1,2,3
1,2,3
1,2,3
15,2,5
15,2,5
15,2,5
15,2,5
15,2,5
1,2,4
15,2,5
4,2,5
4,2,5
1,2,4
1,1,2
1,1,2
1,1,2
1,2,5
1,2,5
1,2,5
1,2,5
1,2,5
1,2,5
1,2,5
1,2,5
1,2,5
1,2,5
1,2,5
1,1,4
6,2,4
1,2,3
14,2,4
14,2,4
14,2,4
14,2,4
2,1,3
4,1,3
1,2,2
1,2,2
1,2,2
1,2,2
1,2,2
1,2,2
1,2,2
1,2,2
1,2,2
1,2,2
1,2,2
1,2,2
1,2,2
1,2,2
1,2,2
1,2,2
1,2,2
1,2,2
1,2,2
1,2,2
1,2,2
1,2,2
1,2,2
1,2,2
1,2,2
1,2,2
1,2,2
1,2,2
1,2,2
1,2,2
1,2,2
1,2,2
1,2,5
1,2,5
10,1,5
3,2,4
1,1,5
1,1,5
1,2,4
1,2,4
1,2,4
1,2,5
1,2,5
1,2,5
1,2,5
1,2,5
1,2,5
1,2,5
3,1,5
3,1,5
2,2,5
1,2,5
12,2,5
12,2,5
2,2,3
1,2,4
1,2,2
1,2,2
1,2,2
16,1,4
2,2,5
11,1,5
27,2,5
27,2,4
27,2,4
27,2,5
27,2,5
27,2,4
27,2,5
27,2,4
4,1,2
4,1,3
1,2,3
7,2,3
7,2,3
7,2,3
7,2,3
7,2,3
7,2,3
1,2,5
3,1,5
3,1,5
3,1,5
3,1,5
3,1,5
18,1,4
1,1,2
1,1,2
20,1,4
20,1,4
2,3,4
2,3,4
32,1,4
32,1,4
32,1,4
1,2,3
9,1,4
5,1,5
27,1,3
1,2,5
1,2,5
2,3,5
2,2,4
2,1,5
1,2,4
3,2,5
3,2,5
3,2,5
8,1,2
8,1,2
8,1,2
8,1,2
8,2,3
8,2,3
3,2,3
3,2,5
3,2,2
2,2,2
1,1,3
7,1,3
7,1,2
7,1,3
7,1,2
5,2,4
1,1,5
1,1,4
1,1,4
2,2,4
2,2,4
2,2,4
2,2,4
2,2,4
2,2,4
2,2,4
3,1,3
2,3,4
2,3,4
1,2,2
1,2,2
19,1,4
19,1,4
1,2,4
1,2,4
1,2,3
1,2,5
1,2,3
1,2,3
1,1,2
2,3,2
2,3,2
1,2,4
23,1,5
1,1,5
1,1,5
1,2,4
10,2,2
7,2,5
1,2,3
1,2,3
1,2,3
1,2,3
1,2,3
1,2,3
1,2,3
1,2,3
13,2,5
1,2,3
1,2,3
1,2,3
1,2,3
11,2,5
11,2,5
11,2,5
1,2,4
1,2,4
1,2,4
3,3,4
22,1,3
22,1,3
1,1,5
4,2,3
1,2,5
2,2,4
1,2,5
1,1,5
9,2,5
1,2,4
1,1,2
1,1,2
1,1,2
1,1,2
1,1,2
1,1,2
1,1,2
1,1,2
1,1,2
1,2,4
1,2,4
4,2,4
1,1,3
5,2,4
1,2,4
5,1,4
5,1,4
1,2,2
23,1,2
23,1,2
44,1,5
44,1,5
44,1,5
1,2,3
1,2,4
1,2,3
1,2,3
1,2,2
1,2,5
1,2,5
1,2,5
8,1,5
9,2,4
9,2,4
7,2,3
7,2,3
36,1,5
1,2,5
1,2,5
1,2,5
1,2,3
1,2,3
1,2,3
8,1,3
3,1,4
3,1,4
1,2,3
1,2,3
1,2,3
1,2,3
1,1,3
6,1,4
1,1,4
1,1,4
1,2,4
1,2,4
42,1,3
1,2,4
1,1,4
11,1,3
11,1,3
3,1,3
3,1,2
1,1,3
1,2,5
1,2,5
4,1,5
4,1,5
30,1,4
30,1,5
9,1,5
9,1,5
9,1,5
1,2,2
2,3,5
2,3,5
2,3,5
1,1,2
1,1,2
1,1,2
1,1,4
1,1,5
6,1,3
2,2,3
29,1,5
29,1,4
1,2,2
1,2,5
54,1,4
54,1,3
54,1,4
54,1,3
54,1,3
54,1,3
54,1,4
54,1,3
54,1,4
54,1,3
54,1,4
54,1,4
1,2,3
6,2,4
30,1,5
30,1,5
30,1,5
30,1,5
1,1,4
3,1,4
2,2,4
3,2,2
3,2,2
3,2,2
3,2,2
3,2,2
3,2,2
1,1,5
2,2,5
2,2,5
2,2,5
2,2,5
2,2,5
1,2,5
1,2,5
6,2,4
1,2,5
1,2,5
1,2,5
2,3,5
1,2,5
1,2,5
4,2,5
12,2,3
1,1,5
1,1,5
1,1,5
1,1,5
1,1,5
2,1,3
4,1,2
4,1,2
4,1,2
1,1,4
15,1,3
2,3,3
2,3,3
2,2,2
13,2,4
13,2,4
13,2,4
13,2,4
13,2,4
13,2,4
13,2,4
13,2,4
13,2,4
13,2,4
13,2,4
2,2,3
2,2,3
3,2,4
3,2,4
3,2,4
3,2,4
3,2,4
1,2,3
2,2,2
2,2,2
1,2,4
8,1,5
2,3,4
2,3,4
2,3,4
2,3,4
2,3,4
1,1,2
1,1,2
1,1,2
1,1,2
1,1,2
7,1,3
1,1,4
1,1,4
1,2,3
1,2,3
1,2,3
1,2,3
10,2,4
10,2,4
1,2,5
6,2,4
6,2,4
6,2,4
2,2,3
2,3,4
5,2,4
5,2,4
5,2,4
5,2,4
1,2,2
6,1,4
6,1,4
1,2,3
1,2,3
1,2,3
6,2,3
3,2,4
15,2,5
15,2,5
1,2,4
11,2,4
11,2,3
4,1,2
4,1,2
4,1,2
1,2,2
1,2,2
1,1,3
1,2,2
1,2,2
11,1,3
16,2,5
16,2,4
3,2,5
3,2,5
3,2,4
3,2,4
6,1,5
6,1,5
6,1,5
15,2,5
15,2,5
1,1,3
11,2,5
1,1,3
8,2,2
8,1,2
1,2,2
16,1,4
23,2,5
23,2,4
5,2,4
5,2,4
5,2,4
5,2,4
5,2,4
5,1,3
5,1,3
5,1,3
5,1,3
5,1,3
1,2,3
1,2,4
1,2,2
1,2,2
1,1,4
1,1,4
1,2,5
7,1,3
7,1,3
23,3,3
1,1,5
1,1,5
1,2,2
22,2,2
22,2,2
22,2,2
22,2,2
22,2,2
6,1,2
1,1,4
1,2,2
4,2,4
2,2,3
1,2,2
1,2,2
1,2,4
1,2,4
1,2,2
9,1,4
1,2,4
28,2,2
11,1,3
5,1,4
17,1,5
1,2,3
1,2,3
1,2,3
5,2,5
5,2,4
10,2,4
1,2,4
45,1,4
29,1,3
1,2,4
1,2,4
1,2,4
8,1,4
1,2,3
5,2,4
1,1,3
2,2,4
2,2,4
2,2,4
2,3,2
2,3,2
2,3,2
2,3,2
2,3,2
2,3,2
2,3,2
2,3,2
2,3,2
4,1,5
6,2,5
1,1,2
4,2,2
7,2,3
7,2,3
1,2,4
2,2,2
1,1,3
2,1,5
1,2,4
1,2,3
1,2,3
25,1,4
25,1,4
8,2,4
8,2,4
8,2,4
8,2,4
3,2,5
3,2,5
3,2,5
2,3,2
5,1,4
5,1,4
3,1,5
1,1,5
1,2,2
1,1,3
2,1,3
4,1,4
3,2,2
3,2,2
3,2,2
1,1,3
3,2,2
1,1,4
1,1,4
1,1,4
1,2,4
3,1,4
1,1,4
1,1,3
1,1,3
1,2,2
2,2,3
1,1,3
1,1,3
3,1,3
1,2,5
8,2,3
8,2,3
28,1,4
28,1,4
28,1,4
28,1,4
1,2,4
1,2,4
1,2,4
1,2,4
1,2,4
1,2,4
1,2,4
1,2,4
1,2,4
1,2,4
1,2,4
1,2,4
1,2,4
1,2,4
4,1,4
2,2,5
3,1,4
3,1,4
3,1,4
2,2,3
1,2,4
1,2,4
2,2,5
18,1,4
4,1,2
15,2,2
15,2,2
15,2,2
15,2,2
1,1,4
3,2,3
3,2,2
3,2,2
15,2,4
2,1,5
2,1,5
26,2,5
5,2,5
10,2,4
2,2,3
1,1,3
1,1,3
3,2,3
3,2,3
3,2,3
3,2,3
3,2,3
3,2,3
3,2,3
3,2,3
3,2,3
3,2,3
3,2,3
11,2,3
8,2,4
8,2,4
4,2,3
2,1,3
2,1,3
2,1,3
1,1,5
1,1,2
1,1,4
1,1,2
6,1,5
6,1,5
10,2,4
10,2,4
10,2,4
1,2,4
2,1,3
2,3,3
2,3,3
2,1,2
2,1,2
2,1,2
2,3,2
2,3,2
1,2,4
1,2,4
1,2,4
5,2,3
2,2,5
2,2,5
2,2,5
5,1,4
5,1,4
5,1,4
5,1,4
21,1,4
3,1,4
26,1,4
1,2,4
4,2,5
1,2,4
1,2,2
1,2,2
1,2,5
1,2,5
1,2,5
1,2,5
1,2,5
1,2,5
1,2,5
1,2,5
1,2,5
1,2,4
1,2,4
1,2,4
19,2,5
3,1,2
12,1,5
2,2,5
1,2,5
1,2,5
1,2,5
1,1,3
1,1,3
6,1,4
1,2,3
32,2,5
32,2,5
14,1,4
2,2,5
2,2,5
2,2,5
2,1,2
1,2,4
2,1,5
2,1,5
2,1,5
10,2,4
2,1,2
2,1,2
2,1,3
19,1,4
19,1,3
1,1,4
1,1,4
10,1,4
10,1,3
10,1,4
6,2,5
6,2,5
1,2,2
1,1,4
4,2,4
4,2,4
2,3,4
7,1,5
4,2,4
2,2,4
2,2,5
2,2,5
1,2,4
1,2,4
1,2,4
2,2,4
26,1,4
6,2,5
4,2,3
4,2,3
4,2,3
12,2,5
2,1,3
2,1,3
2,1,3
2,1,3
2,1,3
2,1,3
1,2,4
1,2,4
2,1,5
3,1,3
1,1,3
2,1,4
13,2,2
13,2,2
13,2,2
13,2,2
2,1,4
2,1,2
8,2,3
2,1,2
6,1,4
4,1,5
4,1,5
4,1,5
4,1,5
4,1,5
4,1,5
8,2,3
13,2,5
1,2,2
2,2,3
26,1,5
1,2,5
1,2,5
1,1,5
34,1,3
34,1,4
11,1,5
11,1,5
11,1,5
14,1,4
1,2,4
1,2,4
1,2,5
1,2,5
1,2,5
1,2,5
1,2,5
2,1,4
2,1,4
2,1,4
2,1,4
2,1,4
2,1,3
6,2,2
6,2,3
6,2,2
6,2,3
2,2,2
1,2,5
1,2,5
2,2,5
2,2,5
2,3,3
2,3,3
2,3,3
28,1,5
28,1,4
1,1,5
1,1,5
1,1,5
2,2,2
4,1,2
1,2,4
1,2,3
1,2,3
1,2,3
3,2,4
1,2,3
1,1,4
1,2,4
2,2,5
2,2,5
15,1,2
4,2,2
4,2,2
1,2,4
1,2,4
1,2,4
1,2,4
1,2,4
1,2,4
6,1,4
6,1,4
23,1,5
7,2,5
7,2,5
1,1,5
5,1,5
2,2,4
2,2,4
2,2,4
2,2,4
2,2,4
2,2,4
2,2,4
1,2,4
6,2,4
1,1,5
1,1,5
1,1,5
1,1,5
13,1,4
5,2,5
5,2,5
2,3,5
2,3,5
1,2,3
1,2,3
3,2,4
3,1,4
3,1,4
1,2,5
1,2,4
1,2,4
1,2,4
1,2,4
1,2,4
4,2,5
6,2,5
6,2,5
6,2,5
15,1,5
4,2,2
4,2,2
4,2,2
5,2,4
5,2,4
1,1,2
1,1,2
1,1,3
15,2,5
2,1,3
6,1,5
3,2,5
3,2,5
3,2,5
13,1,3
1,1,4
1,2,2
1,2,2
2,2,3
1,2,3
15,1,5
1,2,5
1,2,5
1,2,5
1,2,5
1,2,5
2,2,4
2,2,4
2,1,2
2,1,3
7,1,2
7,1,2
8,1,2
1,2,4
3,2,3
3,2,3
12,2,4
12,2,4
4,1,2
1,1,5
1,1,5
1,2,2
26,1,2
2,3,2
25,1,5
25,1,5
25,1,4
25,1,4
1,2,4
1,2,4
1,2,4
1,2,4
1,2,4
1,2,4
1,2,4
1,2,4
1,2,4
1,2,4
1,2,4
1,2,4
1,2,4
1,2,4
1,2,4
1,2,4
1,2,4
1,2,4
1,2,4
1,2,4
1,2,4
1,2,4
1,2,4
1,2,4
1,2,4
1,2,4
6,2,4
5,2,5
5,2,5
2,2,2
2,2,2
2,2,2
6,2,5
6,2,5
1,1,4
1,2,5
1,2,5
9,2,3
43,1,3
1,2,2
1,2,2
1,2,2
1,2,2
1,2,2
3,2,2
3,2,2
1,1,3
2,2,3
2,2,3
2,2,3
2,2,3
6,2,5
6,2,5
20,1,4
20,1,4
3,2,4
5,2,4
5,2,4
5,2,4
3,2,4
3,2,4
1,2,5
2,1,5
7,1,4
7,1,4
51,1,5
51,1,5
51,1,4
51,1,5
51,1,4
51,1,4
51,1,4
51,1,5
51,1,4
51,1,5
1,1,4
2,2,1
2,1,5
1,2,4
1,2,3
1,2,3
1,2,3
1,2,3
1,2,3
1,2,3
1,2,3
1,2,3
2,1,2
2,1,2
4,1,2
29,2,4
1,2,5
2,1,4
2,1,4
2,1,4
2,1,4
1,2,3
1,2,2
1,2,2
1,2,2
1,2,3
1,1,2
1,1,2
1,2,4
1,2,4
1,2,4
1,2,4
3,1,2
12,2,4
5,1,5
5,1,5
5,1,5
5,1,5
5,1,5
5,1,5
5,1,5
5,1,5
5,1,5
5,1,5
5,1,5
5,1,5
5,1,5
5,1,5
5,1,5
5,1,5
7,1,2
7,1,2
7,1,2
11,2,3
1,2,4
1,2,5
1,2,5
1,2,5
1,2,5
1,2,5
36,2,4
36,2,4
36,2,5
36,2,5
1,2,2
1,2,2
1,2,2
1,2,2
2,3,3
1,2,4
1,2,4
1,1,5
1,1,5
1,1,5
8,2,3
5,1,2
5,1,4
5,1,4
5,1,4
3,1,4
3,1,4
5,2,5
5,2,5
5,1,5
4,1,3
4,1,3
2,1,2
2,1,5
1,2,5
1,2,3
1,2,3
1,2,3
1,2,3
1,2,3
1,2,4
1,2,4
1,2,4
1,2,4
1,2,4
1,2,4
6,1,3
6,1,2
1,2,2
5,2,3
1,1,5
1,1,5
12,1,5
2,2,4
2,2,4
2,2,4
1,1,5
1,1,5
1,1,5
2,1,3
2,1,3
5,1,4
2,1,4
4,1,4
2,1,4
2,1,4
2,2,3
1,1,4
1,1,4
2,3,2
2,3,2
6,1,5
6,1,5
9,2,4
9,2,4
9,2,4
9,2,4
9,2,4
9,2,4
1,2,4
1,2,3
5,2,5
5,2,4
5,2,4
1,2,3
1,2,3
1,2,3
1,2,3
1,2,3
2,2,5
2,3,3
7,2,2
7,2,2
11,2,2
8,2,2
24,2,4
24,2,4
1,2,2
11,1,3
1,2,4
1,2,2
4,1,4
1,2,3
1,2,3
1,2,4
10,1,5
10,1,4
2,1,3
1,1,4
1,1,4
1,1,4
1,1,4
1,1,5
1,1,5
2,3,2
2,3,2
2,3,2
1,2,5
1,1,2
1,1,2
1,1,2
4,1,3
4,1,3
4,1,3
4,1,3
4,1,3
1,2,4
1,1,5
14,1,4
9,2,5
1,1,3
1,1,3
1,1,3
1,1,3
1,1,3
13,1,4
1,2,3
2,2,3
6,2,4
1,1,2
2,3,3
2,3,3
3,2,5
3,2,5
1,2,5
6,1,3
1,1,2
1,1,2
1,1,2
1,1,2
1,1,5
1,1,5
10,2,4
10,2,4
10,2,4
1,1,4
1,1,4
1,1,4
1,2,5
2,2,3
2,2,3
5,1,5
3,2,5
2,1,5
2,1,5
2,1,5
2,1,5
9,2,5
1,2,4
1,2,4
1,1,2
1,1,4
9,2,4
1,1,3
2,1,5
24,1,3
24,1,3
24,1,3
3,2,5
3,2,5
10,1,3
10,1,3
10,1,3
1,2,3
2,1,5
9,2,5
1,2,3
1,2,3
1,2,3
4,1,3
1,2,3
1,2,3
1,2,3
1,2,3
2,3,5
2,3,5
2,3,5
2,3,5
2,3,5
4,1,2
3,1,5
2,2,4
1,1,3
1,1,3
1,1,3
1,1,3
1,1,3
1,1,3
1,1,3
2,2,3
2,2,3
2,2,3
2,2,3
2,2,3
5,2,2
5,2,2
12,1,3
16,2,5
1,1,5
1,1,5
3,1,5
3,1,5
4,1,2
4,1,2
4,1,2
5,1,5
5,1,5
5,1,5
3,2,3
1,1,3
1,1,3
1,2,5
1,2,4
6,1,2
6,1,3
6,1,5
1,2,5
1,2,5
1,2,5
1,2,5
1,2,5
1,2,5
1,2,5
1,2,5
1,2,5
1,2,5
1,2,5
26,1,5
26,1,5
1,2,5
1,2,5
19,1,4
5,1,3
6,2,3
2,2,4
13,2,2
30,2,5
1,2,3
2,1,4
2,1,4
2,1,4
1,2,3
3,2,5
3,2,5
2,1,4
20,1,3
20,1,3
20,1,3
20,1,3
20,1,3
20,1,3
20,1,3
20,1,3
20,1,3
18,1,4
1,2,3
1,2,3
1,2,3
1,1,2
8,1,4
2,2,3
13,1,4
3,1,5
1,2,5
1,1,5
1,1,5
1,1,5
1,2,3
1,2,3
4,2,2
4,2,2
4,2,2
1,2,5
1,2,5
1,2,3
1,2,2
1,2,2
2,1,4
5,2,3
6,1,2
3,2,4
3,2,2
1,1,2
1,1,2
1,1,2
1,1,2
1,1,2
1,1,2
1,2,2
1,2,2
1,2,2
1,2,2
2,1,3
2,2,2
2,2,2
2,2,2
2,2,2
2,2,2
2,2,2
2,2,2
2,2,2
2,2,2
2,2,2
2,2,2
2,2,2
2,2,2
6,2,3
9,1,4
9,1,4
9,1,4
9,1,4
9,1,4
9,1,4
9,1,4
9,1,4
1,1,5
6,1,3
6,1,3
6,1,3
6,1,3
8,1,4
8,1,4
8,1,4
8,1,4
5,1,5
5,1,5
1,1,4
4,1,5
4,1,5
4,1,5
4,1,5
4,1,5
4,1,5
4,1,5
4,1,5
23,2,4
1,1,5
1,1,5
1,1,5
1,1,5
2,1,5
2,1,5
2,1,5
2,1,5
2,1,5
2,1,5
2,1,5
5,1,4
1,2,3
1,2,2
1,2,2
2,1,5
2,1,5
2,1,5
2,1,5
1,2,4
1,2,2
12,1,5
10,2,2
11,1,4
1,2,4
1,2,4
2,2,4
1,2,2
1,2,2
3,2,3
1,2,5
11,1,4
11,1,4
14,1,3
14,1,3
14,1,3
14,1,3
14,1,3
14,1,3
14,1,3
14,1,3
9,1,5
9,1,4
1,1,4
1,1,4
1,1,3
1,1,3
1,1,3
2,2,4
2,2,4
2,1,4
5,1,4
6,2,4
19,1,5
8,1,5
1,1,3
1,2,4
1,1,4
1,1,4
1,1,4
4,2,4
1,2,3
1,2,3
1,2,3
1,1,3
1,1,3
2,2,2
2,2,2
17,1,3
17,1,3
17,1,3
10,1,5
54,1,4
55,1,3
55,1,4
55,1,3
55,1,4
4,1,4
4,1,4
4,1,4
4,1,4
4,1,4
4,1,5
4,1,5
4,1,4
4,1,5
4,1,5
4,1,5
4,1,5
2,1,4
2,1,4
1,1,5
1,1,5
1,1,5
1,1,5
2,1,4
3,1,4
3,1,4
3,1,4
2,2,4
2,2,4
2,2,4
2,2,4
2,2,4
2,2,4
4,1,5
4,1,5
4,1,5
4,1,5
4,1,5
4,1,5
4,1,5
9,2,5
22,1,5
16,1,5
16,1,5
8,2,5
2,1,4
2,1,4
2,1,4
2,1,4
2,1,4
2,1,5
5,1,5
5,1,5
1,2,5
1,1,5
1,1,5
1,1,4
1,1,4
3,1,3
27,2,4
27,2,5
23,1,4
23,1,5
23,1,4
23,1,5
23,1,5
23,1,5
23,1,4
23,1,5
23,1,4
23,1,5
23,1,4
23,1,5
23,1,4
23,1,4
1,2,2
1,2,2
7,1,5
2,2,3
2,1,3
3,2,5
3,2,5
3,2,5
7,1,3
1,1,5
1,1,5
2,1,2
1,1,4
3,2,5
21,1,3
2,2,5
19,1,5
1,1,5
1,1,5
1,1,5
1,1,5
6,1,5
6,1,5
6,1,5
6,1,5
4,1,5
1,1,2
1,1,5
4,1,3
10,2,4
10,2,4
10,2,4
10,2,4
1,1,5
1,1,5
1,1,5
1,1,5
1,1,5
1,1,5
1,1,5
2,1,4
20,1,5
20,1,5
20,1,5
20,1,5
2,2,4
2,2,5
2,2,5
2,2,5
2,2,4
2,2,4
1,1,5
4,1,4
23,1,5
9,2,3
1,1,4
1,1,4
1,1,4
1,1,4
1,1,4
1,1,4
1,1,4
1,1,4
2,1,2
2,1,2
2,1,4
1,1,5
1,1,5
5,1,2
5,1,2
6,1,4
6,1,4
6,1,4
6,1,4
2,1,5
8,1,4
1,1,5
2,2,4
2,1,5
2,1,5
2,1,5
2,1,5
2,1,5
2,1,5
2,1,5
1,1,5
1,1,5
